date,close,ret_21d,vol_ratio,regime,regime_actual,prob_bear,prob_sideways,prob_bull,confidence,close_fut,fwd_ret_21d,y_true,pos,daily_ret,strategy_ret,expected_signal,strategy_ret_prob,conf_bucket
2019-04-04,9630.7,0.050022350876045,1.025779172551151,bear,bear,0.613741815090179,0.25573900341987604,0.13051918148994401,0.613741815090179,11679.55,-0.02951740435205119,0,-1,-0.0042712271892171305,0.0042712271892171305,-0.483222633600235,,"(0.574, 0.716]"
2019-04-05,9695.35,0.050895315311409006,0.9712654624885261,sideways,bear,0.49563753604888905,0.241667181253433,0.262695342302322,0.49563753604888905,11760.75,-0.038564717386221026,0,0,0.006952322649417253,-0.006952322649417253,-0.23294219374656705,-0.003359519660289968,"(0.344, 0.574]"
2019-04-08,9631.45,0.044580495423192,0.972522324780394,bear,bear,0.5995385646820061,0.24164748191833402,0.158813998103141,0.5995385646820061,11674.9,-0.04225732126185233,0,-1,-0.007299704525646766,-0.0,-0.44072456657886505,0.0017004091859059013,"(0.574, 0.716]"
2019-04-09,9680.5,0.05093743554112801,1.002066649203555,bear,bear,0.5930716395378111,0.231402203440666,0.17552612721920002,0.5930716395378111,11742.3,-0.04263645112116021,0,-1,0.00577306872007477,-0.00577306872007477,-0.41754551231861103,-0.002544333209484956,"(0.574, 0.716]"
2019-04-10,9620.1,0.028821679892199,0.9976528765162981,bear,bear,0.6836495995521541,0.077328361570835,0.23902203142642903,0.6836495995521541,11652.9,-0.04080100232560124,0,-1,-0.007613499910579691,0.007613499910579691,-0.44462756812572507,0.003178982720700696,"(0.574, 0.716]"
2019-04-11,9637.3,0.022026385000424,0.9273138045294451,bear,bear,0.6765508651733391,0.055273551493883,0.26817563176155,0.6765508651733391,11668.9,-0.0328779919272596,0,-1,0.0013730487689760373,-0.0013730487689760373,-0.40837523341178905,-0.000610495335067836,"(0.574, 0.716]"
2019-04-12,9667.05,0.022887072454567003,0.896548300314813,bear,bear,0.6625460386276241,0.043514914810657,0.29393905401229803,0.6625460386276241,11703.85,-0.02375713974461402,0,-1,0.0029951409301649523,-0.0029951409301649523,-0.36860698461532604,-0.0012231413764573153,"(0.574, 0.716]"
2019-04-15,9715.75,0.028154332941786,0.899790882878278,sideways,sideways,0.486953169107437,0.19992162287235202,0.313125133514404,0.486953169107437,11727.75,0.011229775532391129,1,0,0.0020420630818063223,-0.0020420630818063223,-0.173828035593033,-0.0007527187149789083,"(0.344, 0.574]"
2019-04-16,9786.05,0.030408802548105,0.9091943845993341,bear,sideways,0.5037411451339721,0.179851800203323,0.316407084465026,0.5037411451339721,11824.45,-0.009243558897031212,1,-1,0.008245400865468655,0.0,-0.18733406066894603,-0.0014332818351215106,"(0.344, 0.574]"
2019-04-18,9733.1,0.021531389228532,0.9327345403770281,bear,sideways,0.536514520645141,0.16633778810501101,0.297147721052169,0.536514520645141,11771.1,0.0008962628811239881,1,-1,-0.0045118377598958315,0.0045118377598958315,-0.23936679959297202,0.0008452208886407672,"(0.344, 0.574]"
2019-04-22,9597.6,0.0025435458177730003,0.9494910120234441,bear,sideways,0.6463653445243831,0.205378830432891,0.148255810141563,0.6463653445243831,11618.9,0.006325900042172705,1,-1,-0.012929972559913794,0.012929972559913794,-0.49810953438282013,0.0030950061504915125,"(0.574, 0.716]"
2019-04-23,9589.9,0.003962500196293,1.016311402840775,bear,bull,0.8115330934524531,0.15633189678192103,0.032135006040334,0.8115330934524531,11586.4,0.024425188151625976,2,-1,-0.0027971666853144894,0.0027971666853144894,-0.779398087412119,0.0013932953952131366,"(0.808, 0.898]"
2019-04-24,9685.05,0.019339458810899,1.01422627419707,bear,sideways,0.549559533596038,0.37935718894004805,0.071083292365074,0.549559533596038,11738.25,0.015355781313228123,1,-1,0.013105882759096854,-0.013105882759096854,-0.47847624123096405,-0.010214699956287553,"(0.344, 0.574]"
2019-04-25,9637.25,0.024089984113574003,1.026254871347879,bear,bull,0.6242990493774411,0.32683834433555603,0.048862658441066006,0.6242990493774411,11641.8,0.025679018708447243,2,-1,-0.00821672736566359,0.00821672736566359,-0.5754363909363751,0.003931508825142316,"(0.574, 0.716]"
2019-04-26,9684.0,0.017194836297175,0.9838970924289581,bear,sideways,0.591740906238555,0.365652918815612,0.042606193572282,0.591740906238555,11813.5,0.0041266347822406235,1,-1,0.0147485783985295,-0.0147485783985295,-0.549134712666273,-0.008486868725091998,"(0.574, 0.716]"
2019-04-30,9657.1,0.017281063514887,0.9412733933017761,bear,sideways,0.554956197738647,0.37465071678161604,0.07039312273263901,0.554956197738647,11791.55,0.013089882161378297,1,-1,-0.0018580437634909686,0.0018580437634909686,-0.48456307500600804,0.0010203163281859735,"(0.344, 0.574]"
2019-05-02,9632.9,0.0023099253956520003,0.938692458406682,sideways,sideways,0.40881821513175903,0.5088791847229001,0.08230262249708101,0.5088791847229001,11765.4,0.012842742278205588,1,0,-0.0022176897863299683,0.0022176897863299683,-0.326515592634678,0.0010746105822734664,"(0.344, 0.574]"
2019-05-03,9622.1,-0.0033249777298990004,0.878642312507465,sideways,bull,0.455862879753112,0.435911029577255,0.10822611302137301,0.455862879753112,11764.3,0.028913747524289768,2,0,-9.349448382545145e-05,-0.0,-0.347636766731739,3.05274067943406e-05,"(0.344, 0.574]"
2019-05-06,9526.9,-0.01692816493739,0.892972946337613,bear,bull,0.7245216965675351,0.19702240824699402,0.07845591753721201,0.7245216965675351,11656.35,0.034298901457145536,2,-1,-0.009176066574296704,-0.0,-0.646065779030323,0.0031899381152036906,"(0.716, 0.808]"
2019-05-07,9449.9,-0.028677445548828003,0.915019030058394,bear,bull,0.7102090716362001,0.22089120745658802,0.068899728357791,0.7102090716362001,11541.9,0.029644166038520492,2,-1,-0.009818682520686184,0.009818682520686184,-0.641309343278409,0.006343514771778535,"(0.574, 0.716]"
2019-05-08,9342.4,-0.032131405690724,0.9171047123829661,bear,bull,0.651727080345153,0.273311972618103,0.07496096193790401,0.651727080345153,11418.6,0.04222496628308203,2,-1,-0.010682816520676819,0.010682816520676819,-0.576766118407249,0.006850990047238989,"(0.574, 0.716]"
2019-05-09,9298.55,-0.034488666452075004,0.9508488560266851,bear,bull,0.572859227657318,0.38595083355903603,0.041189983487129,0.572859227657318,11334.8,0.05284610226911801,2,-1,-0.007338903193035984,0.007338903193035984,-0.531669244170189,0.00423283070801393,"(0.344, 0.574]"
2019-05-10,9274.4,-0.043417720866188,0.957772249323346,sideways,bull,0.46172523498535106,0.496839731931686,0.041435055434703,0.496839731931686,11307.2,0.059232170652327776,2,0,-0.0024349790027171636,0.0024349790027171636,-0.42029017955064807,0.001294603445944915,"(0.344, 0.574]"
2019-05-13,9164.2,-0.048512944572208005,0.916913653442543,sideways,bull,0.409785449504852,0.5464628338813781,0.043751712888479004,0.5464628338813781,11181.55,0.06574669880293893,2,0,-0.011112388566577147,-0.0,-0.366033736616373,0.004670427785883278,"(0.344, 0.574]"
2019-05-14,9225.2,-0.047032694592221,0.9342468110315261,bear,bull,0.530650377273559,0.42106240987777704,0.048287246376276,0.530650377273559,11241.65,0.06108089115032045,2,-1,0.005374925658786056,0.0,-0.482363130897283,-0.0019674041229206804,"(0.344, 0.574]"
2019-05-15,9148.0,-0.04907433394663201,0.9571670447507491,sideways,bull,0.401691615581512,0.5309932827949521,0.067315116524696,0.5309932827949521,11177.45,0.0591011366635501,2,0,-0.005710905427583901,0.005710905427583901,-0.334376499056816,0.002754730222307657,"(0.344, 0.574]"
2019-05-16,9234.55,-0.041790750521411006,0.9568803640776891,bear,bull,0.6941040754318231,0.24882394075393602,0.05707199126482,0.6941040754318231,11285.25,0.03653441439046534,2,-1,0.00964441800231719,0.0,-0.6370320841670031,-0.003224866727055353,"(0.574, 0.716]"
2019-05-17,9334.8,-0.034369326733595,1.025932546477892,bear,bull,0.8503285050392151,0.10361532121896701,0.04605621472001,0.8503285050392151,11425.8,0.024042080204449645,2,-1,0.012454309829201815,-0.012454309829201815,-0.8042722903192051,-0.007933794947358025,"(0.808, 0.898]"
2019-05-20,9673.3,-0.0043691943493810005,1.078657807093038,bear,sideways,0.7517536282539361,0.10136589407920801,0.14688052237033802,0.7517536282539361,11859.45,-0.012719814156643028,1,-1,0.03795357874284533,-0.03795357874284533,-0.6048731058835981,-0.03052501170131851,"(0.716, 0.808]"
2019-05-21,9580.25,-0.021029935469367003,1.334897657959294,bull,sideways,0.29420676827430703,0.027904463931918002,0.677888810634613,0.677888810634613,11715.15,0.011463788342445547,1,1,-0.012167511984114032,0.012167511984114032,0.383682042360306,0.007359800764706956,"(0.574, 0.716]"
2019-05-22,9610.6,-0.012585918155572001,1.329303698532803,bull,sideways,0.19916705787181802,0.022209797054529003,0.7786231637001031,0.7786231637001031,11781.65,-0.00239355268574426,1,1,0.005676410459960035,0.005676410459960035,0.5794561058282851,0.0021779367585528704,"(0.716, 0.808]"
2019-05-23,9569.05,-0.002974702008835,1.327186759685378,bull,sideways,0.297243952751159,0.04258487001061401,0.6601711511611931,0.6601711511611931,11692.4,0.0021167596045295056,1,1,-0.007575339617116428,-0.007575339617116428,0.36292719841003407,-0.004389576794861017,"(0.574, 0.716]"
2019-05-24,9723.85,0.013967820310952,1.285056333206994,bull,sideways,0.17427229881286602,0.033469088375568,0.7922586202621461,0.7922586202621461,11869.4,-0.004979190186530147,1,1,0.015138038383907482,0.015138038383907482,0.6179863214492801,0.0054940058600951025,"(0.716, 0.808]"
2019-05-27,9801.65,0.012039173778142,1.335132841452038,bull,sideways,0.09779201447963701,0.048617519438266005,0.8535904288291931,0.8535904288291931,11918.5,-0.004539161807274428,1,1,0.004136687616897339,0.004136687616897339,0.7557984143495561,0.0025564163633511753,"(0.808, 0.898]"
2019-05-28,9824.55,0.019435004799086,1.322094174016214,bull,sideways,0.09744857251644101,0.037854135036468006,0.8646972775459291,0.8646972775459291,11940.75,-0.008307685865628245,1,1,0.0018668456601083072,0.0018668456601083072,0.767248705029488,0.0014109589897452089,"(0.808, 0.898]"
2019-05-29,9756.8,0.0075175547294500005,1.331626341436255,bull,sideways,0.09066292643547001,0.029031058773398004,0.88030606508255,0.88030606508255,11862.25,-0.0017492465594638462,1,1,-0.006574126415844872,-0.006574126415844872,0.78964313864708,-0.005043989979257128,"(0.808, 0.898]"
2019-05-30,9817.85,0.016645783930993002,1.333817227973381,bull,sideways,0.06820304691791501,0.057191383093595005,0.874605596065521,0.874605596065521,11945.9,-0.0035367783088758875,1,1,0.007051781913212096,0.007051781913212096,0.806402549147606,0.0055683912030035105,"(0.808, 0.898]"
2019-05-31,9801.2,0.017471374144857003,1.335523399248968,bull,sideways,0.11278440803289401,0.060898140072822,0.8263174891471861,0.8263174891471861,11916.5,0.0021692611085470936,1,1,-0.00246109543860229,-0.00246109543860229,0.713533081114292,-0.001984633635384432,"(0.808, 0.898]"
2019-06-03,9923.5,0.031323723511499,1.337943397271022,bull,sideways,0.13395436108112302,0.14977556467056202,0.7162700295448301,0.7162700295448301,12104.45,-0.012825861563309338,1,1,0.015772248562917035,0.015772248562917035,0.5823156684637071,0.011254021113198657,"(0.716, 0.808]"
2019-06-04,9883.9,0.037472840063399,1.354252811412847,bull,sideways,0.11741310358047401,0.07482062280178,0.807766318321228,0.807766318321228,12056.15,-0.006345309240512131,1,1,-0.003990268041918599,-0.003990268041918599,0.6903532147407541,-0.002323595602179196,"(0.716, 0.808]"
2019-06-06,9723.25,0.028926232023619002,1.325863916342539,bull,sideways,0.25771862268447804,0.054897394031286004,0.6873840093612671,0.6873840093612671,11884.05,-0.005309637707683668,1,1,-0.014274872160681462,-0.014274872160681462,0.42966538667678905,-0.00985470388613974,"(0.574, 0.716]"
2019-06-07,9731.4,0.041638122966261,1.335706893792808,bull,bear,0.307085573673248,0.07639330625534001,0.616521120071411,0.616521120071411,11900.75,-0.028103270802260383,0,1,0.0014052448449812793,0.0014052448449812793,0.309435546398163,0.0006037850696944459,"(0.574, 0.716]"
2019-06-10,9769.0,0.050593909803141004,1.3017561901305479,bull,bear,0.14342463016510001,0.089124828577041,0.7674505114555351,0.7674505114555351,11933.8,-0.03194288491511499,0,1,0.0027771358947965563,0.0027771358947965563,0.6240258812904351,0.0008593445630283238,"(0.716, 0.808]"
2019-06-11,9802.7,0.056963253687570006,1.317068399331145,bull,bear,0.253955572843551,0.09039182215929001,0.655652582645416,0.655652582645416,11976.95,-0.04046940164232138,0,1,0.0036157803884766526,0.0036157803884766526,0.401697009801865,0.002256340543471815,"(0.574, 0.716]"
2019-06-12,9755.8,0.06455555313066,1.3131862107771521,bull,bear,0.40788573026657104,0.059222031384706005,0.532892227172851,0.532892227172851,11916.7,-0.02808243893024087,0,1,-0.005030496077882973,-0.005030496077882973,0.12500649690627996,-0.0020207352323056,"(0.344, 0.574]"
2019-06-13,9740.95,0.05590664701036201,1.268604434492006,bear,bear,0.5531896948814391,0.037613183259963004,0.409197121858596,0.5531896948814391,11928.3,-0.032188157574842946,0,-1,0.0009734238505625381,0.0009734238505625381,-0.14399257302284307,0.00012168430556384504,"(0.344, 0.574]"
2019-06-14,9656.05,0.055536729339746,1.269456806208853,bear,bear,0.75625205039978,0.024895409122109,0.218852564692497,0.75625205039978,11838.05,-0.021865932311487035,0,-1,-0.007566040424871967,0.007566040424871967,-0.537399485707283,0.0010894536283721594,"(0.716, 0.808]"
2019-06-17,9543.6,0.033466709260332,1.288003566965853,bear,sideways,0.663651406764984,0.029234981164336003,0.307113647460937,0.663651406764984,11697.55,-0.0033938730759859315,1,-1,-0.011868508749329543,0.011868508749329543,-0.356537759304047,0.006378130498002085,"(0.574, 0.716]"
2019-06-18,9556.5,0.023749839310965002,1.311249866022892,bear,sideways,0.8352754712104791,0.020647030323743,0.144077509641647,0.8352754712104791,11700.5,-0.0021110208965429145,1,-1,0.00025218956106209944,-0.00025218956106209944,-0.6911979615688321,-8.991510102095208e-05,"(0.808, 0.898]"
2019-06-19,9535.55,-0.014240228257161001,1.2890904634791291,sideways,sideways,0.38743096590042103,0.11642882227897601,0.496140241622924,0.496140241622924,11708.6,-0.008903711801581782,1,0,0.0006922781077731699,-0.0006922781077731699,0.108709275722503,-0.00047850121693154325,"(0.344, 0.574]"
2019-06-20,9654.35,0.007734662456616001,0.9018920231979821,bear,bear,0.751952648162841,0.057825706899166,0.19022160768508903,0.751952648162841,11849.45,-0.03608606306621831,0,-1,0.012029619254223523,0.0,-0.561731040477752,0.0013077311963441158,"(0.716, 0.808]"
2019-06-21,9584.4,-0.002726156535492,0.9138680903231181,bear,bear,0.8136155009269711,0.058671727776527,0.12771275639533902,0.8136155009269711,11753.45,-0.03345400712131341,0,-1,-0.008101641848355823,0.008101641848355823,-0.6859027445316321,0.004550943705055014,"(0.808, 0.898]"
2019-06-24,9563.55,-0.0005747697002310001,0.9250857800925331,bear,bear,0.8512725830078121,0.054890405386686006,0.093836970627307,0.8512725830078121,11717.15,-0.032717000294440246,0,-1,-0.0030884548792057265,0.0030884548792057265,-0.757435612380505,0.002118379678009318,"(0.808, 0.898]"
2019-06-25,9620.25,-0.010654216179805,0.9220077492563601,bear,bear,0.8594500422477721,0.05247255787253301,0.088077448308467,0.8594500422477721,11810.3,-0.04508776237690826,0,-1,0.007949885424356484,-0.007949885424356484,-0.7713725939393051,-0.006021526334752305,"(0.808, 0.898]"
2019-06-26,9677.6,-0.012656032402707,0.8360576556753501,bear,bear,0.9083783626556391,0.022312587127089,0.06930904835462501,0.9083783626556391,11864.4,-0.05160395805940465,0,-1,0.004580747313785549,-0.004580747313785549,-0.8390693143010141,-0.003533462937615263,"(0.898, 0.988]"
2019-06-27,9693.7,-0.013318676173463,0.8242546626914791,bear,bear,0.907214879989624,0.043928164988756006,0.048856936395168006,0.907214879989624,11841.55,-0.04345292634832432,0,-1,-0.001925929671959814,0.001925929671959814,-0.858357943594456,0.001615988489243298,"(0.898, 0.988]"
2019-06-28,9659.55,-0.009967407346671,0.8315092303640951,bear,bear,0.836857199668884,0.11322550475597301,0.049917344003915,0.836857199668884,11841.5,-0.05290292614955883,0,-1,-4.222420206700939e-06,4.222420206700939e-06,-0.786939855664969,3.624347925615496e-06,"(0.808, 0.898]"
2019-07-01,9712.75,-0.010704991418691,0.8292166323224661,bear,bear,0.835188031196594,0.119544118642807,0.045267798006534,0.835188031196594,11903.65,-0.0679161433677905,0,-1,0.005248490478402257,-0.005248490478402257,-0.78992023319006,-0.0041302463395328365,"(0.808, 0.898]"
2019-07-02,9743.5,-0.005887034240705,0.8239224480917041,bear,bear,0.728101730346679,0.19314467906951902,0.078753568232059,0.728101730346679,11942.35,-0.06783840701369492,0,-1,0.003251103653081344,-0.003251103653081344,-0.64934816211462,-0.0025681125557670713,"(0.716, 0.808]"
2019-07-03,9754.6,-0.017020204564921003,0.8409660265815051,bear,bear,0.7622408270835871,0.169915989041328,0.067843221127986,0.7622408270835871,11949.2,-0.07815167542597001,0,-1,0.0005735889502485048,-0.0005735889502485048,-0.6943976059556011,-0.00037245893065312075,"(0.716, 0.808]"
2019-07-04,9771.25,-0.011397322919090002,0.7726125240381281,bear,bear,0.749255895614624,0.14917154610157002,0.10157255828380501,0.749255895614624,11979.65,-0.07976860759705007,0,-1,0.002548287751481082,-0.002548287751481082,-0.6476833373308191,-0.001769524913914445,"(0.716, 0.808]"
2019-07-05,9647.8,-0.007759751112025001,0.771140517036721,bear,bear,0.9405417442321771,0.03012741357088,0.029330899938941002,0.9405417442321771,11820.95,-0.07817899576599185,0,-1,-0.013247465493566035,0.013247465493566035,-0.9112108442932361,0.008580162662047716,"(0.898, 0.988]"
2019-07-08,9454.4,-0.028464558028649,0.7132477596530991,bear,bear,0.920531034469604,0.035539761185646,0.043929148465394,0.920531034469604,11566.3,-0.05080708610359408,0,-1,-0.02154226183174801,0.02154226183174801,-0.8766018860042101,0.01962954259169306,"(0.898, 0.988]"
2019-07-09,9453.55,-0.032290920257958,0.8357499279432471,bear,bear,0.94631004333496,0.027704924345016,0.025985073298215002,0.94631004333496,11552.6,-0.05871838374045668,0,-1,-0.0011844755885632718,0.0011844755885632718,-0.9203249700367451,0.0010383135348605108,"(0.898, 0.988]"
2019-07-10,9396.0,-0.041488569475756,0.8263495990101911,bear,bear,0.9649654626846311,0.023011423647403002,0.012023111805319,0.9649654626846311,11492.25,-0.03726859405251359,0,-1,-0.005223932274985743,0.005223932274985743,-0.9529423508793121,0.00480771531445024,"(0.898, 0.988]"
2019-07-11,9461.7,-0.030146169458168004,0.8246482754907061,bear,bear,0.9661222696304321,0.018194030970335,0.015683686360716,0.9661222696304321,11582.05,-0.03963892402467595,0,-1,0.007813961582805673,-0.007813961582805673,-0.9504385832697161,-0.007446254920399469,"(0.898, 0.988]"
2019-07-12,9453.75,-0.029483777249652003,0.8477752835651281,bear,bear,0.966577172279357,0.018189135938882002,0.015233672223985001,0.966577172279357,11544.35,-0.05363662744112929,0,-1,-0.0032550368889789905,0.0032550368889789905,-0.951343500055372,0.003093712649251856,"(0.898, 0.988]"
2019-07-15,9466.9,-0.019588755236354,0.8503947563870681,bear,bear,0.9713367819786071,0.011217867955565002,0.017445402219891,0.9713367819786071,11579.2,-0.04758964349868744,0,-1,0.003018792742770282,-0.003018792742770282,-0.9538913797587161,-0.0028719088538488365,"(0.898, 0.988]"
2019-07-16,9528.35,-0.0015979295024930002,0.8345735914814351,bear,bear,0.959149599075317,0.015249875374138001,0.025600520893931,0.959149599075317,11657.85,-0.05088416817852359,0,-1,0.006792351803233343,-0.006792351803233343,-0.933549078181386,-0.006479165833392857,"(0.898, 0.988]"
2019-07-17,9541.95,-0.001522523936587,0.8023334925762421,bear,bear,0.9575752019882201,0.018330093473196002,0.024094693362712003,0.9575752019882201,11675.8,-0.05290429777831063,0,-1,0.0015397350283283817,-0.0015397350283283817,-0.9334805086255081,-0.001437418216339551,"(0.898, 0.988]"
2019-07-18,9458.45,-0.008085532559736,0.803079939620706,bear,bear,0.956930637359619,0.022170912474393,0.020898491144180003,0.956930637359619,11604.35,-0.049658102349549926,0,-1,-0.006119495023895527,0.006119495023895527,-0.9360321462154391,0.005712429327437263,"(0.898, 0.988]"
2019-07-19,9317.6,-0.034880649655336,0.8255832315332841,bear,bear,0.9351006150245661,0.038270369172096,0.026628972962498002,0.9351006150245661,11421.85,-0.04283018950520279,0,-1,-0.015726861047796747,0.015726861047796747,-0.9084716420620681,0.014720847499801178,"(0.898, 0.988]"
2019-07-22,9240.75,-0.035855139601852,0.8177511308247131,bear,bear,0.9125401973724361,0.058133255690336005,0.029326520860195004,0.9125401973724361,11360.25,-0.05529367751589975,0,-1,-0.005393171859199741,0.005393171859199741,-0.883213676512241,0.0048995436948501255,"(0.898, 0.988]"
2019-07-23,9230.5,-0.034824934255584,0.819368860028539,bear,bear,0.87953507900238,0.08431361615657801,0.036151301115751,0.87953507900238,11333.8,-0.043330568741287045,0,-1,-0.002328293831561856,0.002328293831561856,-0.843383777886629,0.0020563809549745196,"(0.808, 0.898]"
2019-07-24,9156.8,-0.048174423741586,0.8339324586039151,sideways,sideways,0.38665086030960005,0.572952330112457,0.040396809577941006,0.572952330112457,11277.8,-0.0198265619181045,1,0,-0.004940973018758066,0.004940973018758066,-0.34625405073165905,0.004167136490996079,"(0.344, 0.574]"
2019-07-25,9165.75,-0.052890179383318005,0.8195218426488821,sideways,sideways,0.42379868030548,0.537592113018035,0.03860917314887,0.537592113018035,11252.15,-0.013175259839230735,1,0,-0.0022743797549167333,-0.0,-0.38518950715661,0.0007875132030419968,"(0.344, 0.574]"
2019-07-26,9200.2,-0.050909353497632,0.8065445618296141,bear,bear,0.9110587239265441,0.06767279654741201,0.021268464624881002,0.9110587239265441,11327.0,-0.02452105588417053,0,-1,0.006652062050363838,0.0,-0.8897902593016631,-0.002562304502754835,"(0.898, 0.988]"
2019-07-29,9110.95,-0.056793535930762,0.8146501130317471,bear,bear,0.8906095027923581,0.076264433562755,0.033126037567853005,0.8906095027923581,11215.05,-0.023785003187680842,0,-1,-0.009883464288867327,0.009883464288867327,-0.857483465224505,0.008794210252389986,"(0.808, 0.898]"
2019-07-30,8995.9,-0.07380505006306101,0.82925862974417,sideways,sideways,0.435595244169235,0.512190699577331,0.05221403390169101,0.512190699577331,11095.2,-0.0032716850529960206,1,0,-0.010686532828654172,0.010686532828654172,-0.383381210267544,0.00916352520114981,"(0.344, 0.574]"
2019-07-31,9040.95,-0.07210447990968301,0.8232378695329711,bear,bear,0.758977234363555,0.18712151050567602,0.053901240229606004,0.758977234363555,11132.2,-0.026571567165519894,0,-1,0.003334775398370571,0.0,-0.7050759941339491,-0.0012784902281977406,"(0.716, 0.808]"
2019-08-01,8943.45,-0.083155639390646,0.8305937758771991,sideways,sideways,0.24435432255268003,0.6907215714454651,0.064924128353595,0.6907215714454651,11015.35,-0.011715469776266807,1,0,-0.010496577495912818,0.010496577495912818,-0.179430194199085,0.007400884812934767,"(0.574, 0.716]"
2019-08-02,8946.8,-0.08437507995394601,0.831381146098737,sideways,sideways,0.18892703950405101,0.7443832159042351,0.06668972223997101,0.7443832159042351,11024.05,-0.012921748359268959,1,0,0.0007898069512088934,0.0,-0.12223731726408,-0.000141715214635199,"(0.716, 0.808]"
2019-08-05,8829.0,-0.084869089326063,0.832744038144498,sideways,sideways,0.08793620765209101,0.8704836368560791,0.041580107063055004,0.8704836368560791,10896.8,0.007052529182879352,1,0,-0.011542944743538008,-0.0,-0.046356100589036005,0.0014109785987776002,"(0.808, 0.898]"
2019-08-06,8908.15,-0.057777331189710006,0.8280851442801941,sideways,sideways,0.075530596077442,0.8868690729141231,0.037600301206111006,0.8868690729141231,10978.65,0.004244602023017352,1,0,0.007511379487556091,0.0,-0.037930294871331,-0.0003481982630875719,"(0.808, 0.898]"
2019-08-07,8841.2,-0.064774608480411,0.786418360644056,sideways,sideways,0.12002754211425701,0.8270576000213621,0.052914824336767,0.8270576000213621,10874.25,0.017155206106168164,1,0,-0.009509365905644107,-0.0,-0.06711271777749,0.0003606930528404625,"(0.808, 0.898]"
2019-08-08,8991.45,-0.043055555555555,0.788604873158752,sideways,sideways,0.14292240142822202,0.7388722300529481,0.11820538341999001,0.7388722300529481,11063.95,-0.006100895249888105,1,0,0.017444881256178713,0.0,-0.024717018008232006,-0.0011707733924077473,"(0.716, 0.808]"
2019-08-09,9045.0,-0.044040711500047,0.8891509355692471,sideways,sideways,0.168048426508903,0.735243320465087,0.09670820832252501,0.735243320465087,11122.95,-0.0015643332029723345,1,0,0.005332634366568945,0.0,-0.071340218186378,-0.00013180681966980148,"(0.716, 0.808]"
2019-08-13,8884.55,-0.06020891180748301,0.891408883894488,sideways,sideways,0.13586930930614402,0.7764239907264711,0.087706707417964,0.7764239907264711,10925.15,0.008425513608508961,1,0,-0.01778305215792586,-0.0,-0.048162601888180015,0.001268646820966171,"(0.716, 0.808]"
2019-08-14,8958.15,-0.053739872608773005,0.938458330059252,sideways,sideways,0.36182415485382,0.411023080348968,0.22715280950069403,0.411023080348968,11028.15,-0.017650285859368897,1,0,0.009427788176821439,0.0,-0.134671345353126,-0.00045406680864634144,"(0.344, 0.574]"
2019-08-16,8984.45,-0.057082286020139004,0.966519056368724,sideways,sideways,0.44608083367347706,0.30297181010246205,0.25094735622406,0.44608083367347706,11064.65,-0.01890705987084984,1,0,0.0033097119643821227,0.0,-0.19513347744941706,-0.0004457233629746779,"(0.344, 0.574]"
2019-08-19,8997.65,-0.057042847635965004,0.9592773428426351,bear,bear,0.824947416782379,0.10115610063076001,0.073896445333957,0.824947416782379,11058.1,-0.031361626319168834,0,-1,-0.0005919753449046272,-0.0,-0.751050971448422,0.00011551420761555796,"(0.808, 0.898]"
2019-08-20,8961.25,-0.052566752480586,0.970262349146043,sideways,bull,0.44479930400848305,0.16415922343730902,0.39104142785072304,0.44479930400848305,11028.1,0.024247150461094824,2,0,-0.0027129434532152663,0.0027129434532152663,-0.05375787615776001,0.0020375588160219623,"(0.344, 0.574]"
2019-08-21,8861.65,-0.04893427492058,1.10937808646842,bull,bull,0.131152048707008,0.090181730687618,0.778666138648986,0.778666138648986,10932.65,0.06170964953602276,2,1,-0.008655162720686338,-0.0,0.647514089941978,0.00046528316566391735,"(0.716, 0.808]"
2019-08-22,8715.25,-0.0568676784893,1.079020042422921,bull,bull,0.16649222373962402,0.21774180233478502,0.615765988826751,0.615765988826751,10732.1,0.08216006187046343,2,1,-0.01834413431327253,-0.01834413431327253,0.449273765087127,-0.011878085435632074,"(0.574, 0.716]"
2019-08-23,8798.25,-0.04682844916310001,1.104944221558707,bull,bull,0.155671924352645,0.11854220181703501,0.7257858514785761,0.7257858514785761,10842.7,0.057771588257537365,2,1,0.010305532002124584,0.010305532002124584,0.5701139271259311,0.00463000516382039,"(0.716, 0.808]"
2019-08-26,8964.6,-0.02098986545518,1.134335963936979,bull,bull,0.151439875364303,0.10105495899915601,0.747505128383636,0.747505128383636,11054.2,0.046769553653814855,2,1,0.01950621155247312,0.01950621155247312,0.596065253019333,0.011120762871529655,"(0.716, 0.808]"
2019-08-27,9030.35,-0.014772386329542002,1.228268755708081,bull,bull,0.19742254912853202,0.056213255971670005,0.7463641762733461,0.7463641762733461,11103.9,0.042831797836796026,2,1,0.004496028658790285,0.004496028658790285,0.548941627144814,0.002679926460084004,"(0.716, 0.808]"
2019-08-28,8967.2,-0.025325536401382003,1.246771106749785,bull,bull,0.09676335006952201,0.041203826665878004,0.8620328307151791,0.8620328307151791,11049.25,0.04392605832975094,2,1,-0.0049216941795224844,-0.0049216941795224844,0.7652694806456571,-0.002701722811216233,"(0.808, 0.898]"
2019-08-29,8915.05,-0.021501599723409003,1.248270977736314,bull,bull,0.069330371916294,0.036597736179828005,0.8940718770027161,0.8940718770027161,10948.3,0.04398399751559623,2,1,-0.009136366721723244,-0.009136366721723244,0.8247415050864221,-0.006991782616121412,"(0.808, 0.898]"
2019-08-30,8984.1,-0.0013117086672810002,1.235904512737061,bull,bull,0.07034908235073001,0.030090866610407004,0.899560034275054,0.899560034275054,11058.9,0.027389704220130318,2,1,0.010102024971913481,0.010102024971913481,0.829210951924324,0.008331559279756545,"(0.898, 0.988]"
2019-09-03,8786.6,-0.028133105481171,1.211141054306062,bull,bull,0.18572102487087203,0.030983621254563002,0.7832953333854671,0.7832953333854671,10836.4,0.03495164445756904,2,1,-0.020119541726573154,-0.020119541726573154,0.597574308514595,-0.016683344347372883,"(0.716, 0.808]"
2019-09-04,8827.4,-0.012975976832206,1.264375816726003,bull,bull,0.09988810122013,0.009561389684677,0.8905504941940301,0.8905504941940301,10886.3,0.025325409000303223,2,1,0.00460485031929414,0.00460485031929414,0.7906623929739001,0.002751740245365408,"(0.808, 0.898]"
2019-09-05,8840.4,-0.011892520230696,1.269300884135588,bull,bull,0.083103463053703,0.012064552865922002,0.9048320055007931,0.9048320055007931,10881.6,0.042833774444934525,2,1,-0.00043173530033147056,-0.00043173530033147056,0.8217285424470901,-0.00034135686569138594,"(0.898, 0.988]"
2019-09-06,8916.4,0.009899195831917,1.269344030361546,bull,bull,0.05752234160900101,0.022922035306692002,0.9195555448532101,0.9195555448532101,10973.65,0.025570343504668136,2,1,0.00845923393618575,0.00845923393618575,0.8620332032442091,0.006951193972600878,"(0.898, 0.988]"
2019-09-09,8971.75,0.0071395295319450006,1.259594760369848,bull,bull,0.043278489261865005,0.017052041366696,0.9396694898605341,0.9396694898605341,11025.25,0.025981270265980516,2,1,0.00470217293243369,0.00470217293243369,0.896391000598669,0.00405342919515403,"(0.898, 0.988]"
2019-09-11,9002.35,0.018227163733429003,1.242796529345458,bull,bull,0.061350870877504,0.055215246975421,0.8834338188171381,0.8834338188171381,11060.8,0.024907782438883252,2,1,0.0032244166798938156,0.0032244166798938156,0.8220829479396341,0.0028903380940370556,"(0.808, 0.898]"
2019-09-12,8979.6,-0.001317918689421,1.228248300538851,bull,bull,0.055069234222173004,0.025892047211527002,0.919038772583007,0.919038772583007,10996.45,0.04028118165407912,2,1,-0.005817843193982264,-0.005817843193982264,0.863969538360834,-0.004782749683559476,"(0.898, 0.988]"
2019-09-13,9053.05,0.000889994472083,1.160786516954255,bull,bull,0.128261819481849,0.140322655439376,0.7314155697822571,0.7314155697822571,11105.55,0.03331667499583535,2,1,0.009921383719291077,0.009921383719291077,0.6031537503004081,0.008571773311856606,"(0.716, 0.808]"
2019-09-16,9001.1,0.013118278359624001,1.159958571691974,bull,bull,0.07490374147891901,0.09925539791584001,0.825840830802917,0.825840830802917,11017.2,0.052958101877064845,2,1,-0.007955481718600055,-0.007955481718600055,0.750937089323998,-0.004798378634019959,"(0.808, 0.898]"
2019-09-17,8857.6,-0.011224415755485,1.07656329963424,bull,bull,0.275895416736602,0.044825453311204,0.679279088973999,0.679279088973999,10833.5,0.077214196704666,2,1,-0.016673928039792396,-0.016673928039792396,0.403383672237397,-0.012521070989799498,"(0.574, 0.716]"
2019-09-18,8882.9,-0.011302862167411,1.111773199973032,bull,bull,0.14310763776302302,0.053877290338277005,0.8030151128768921,0.8030151128768921,10855.45,0.07083078085201433,2,1,0.0020261226750357686,0.0020261226750357686,0.659907475113869,0.0008173048050593866,"(0.716, 0.808]"
2019-09-19,8760.95,-0.026306869015798002,1.122052739922778,bull,bull,0.178860589861869,0.051814641803503,0.769324779510498,0.769324779510498,10711.3,0.08527442980777322,2,1,-0.013279044166755072,-0.013279044166755072,0.590464189648629,-0.00876294050800889,"(0.716, 0.808]"
2019-09-20,9234.7,0.030514716138931003,1.147588235668013,bull,bull,0.090031348168849,0.196378469467163,0.7135902047157281,0.7135902047157281,11295.5,0.027944756761542067,2,1,0.05454053196157327,0.05454053196157327,0.623558856546879,0.03220423100769551,"(0.574, 0.716]"
2019-09-23,9482.95,0.070111096691925,1.377773804979534,sideways,sideways,0.07882637530565201,0.444938689470291,0.47623494267463606,0.47623494267463606,11607.3,0.0015249024320902471,1,0,0.02760391306272414,0.02760391306272414,0.39740856736898406,0.017212664465611722,"(0.344, 0.574]"
2019-09-24,9474.8,0.087151831559622,1.383726838929217,sideways,sideways,0.056504786014556004,0.5444127321243281,0.39908245205879206,0.5444127321243281,11613.85,0.01563650296843866,1,0,0.0005643000525532571,0.0,0.34257766604423606,0.0002242576754514323,"(0.344, 0.574]"
2019-09-25,9334.45,0.06094393771488601,1.337864349726797,bull,bull,0.049877323210239,0.13768941164016701,0.8124332427978511,0.8124332427978511,11469.1,0.032356505741514274,2,1,-0.012463567206395854,-0.0,0.7625559195876122,-0.004269739764152571,"(0.808, 0.898]"
2019-09-26,9451.45,0.054308056131896,1.360048251225468,bull,bull,0.029519271105527004,0.145869895815849,0.8246108889579771,0.8246108889579771,11571.2,0.02646657217920345,2,1,0.008902180641898738,0.008902180641898738,0.7950916178524501,0.006788410545718132,"(0.808, 0.898]"
2019-09-27,9392.3,0.040081502931780005,1.329802912241763,bull,bull,0.028150411322712003,0.07747967541217801,0.894369959831237,0.894369959831237,11579.5,0.030117880737510205,2,1,0.0007172981194689676,0.0007172981194689676,0.866219548508525,0.0005703177222911015,"(0.808, 0.898]"
2019-09-30,9341.8,0.041774466946203,1.336205359927791,bull,bull,0.021685361862182003,0.059467878192663005,0.9188467860221861,0.9188467860221861,11534.6,0.03858824753350798,2,1,-0.003877542208212792,-0.003877542208212792,0.8971614241600041,-0.003358802860920834,"(0.898, 0.988]"
2019-10-01,9243.3,0.036819759844308006,1.331392015766941,bull,bull,0.012897601351141002,0.015103477053344002,0.9719988703727721,0.9719988703727721,11429.85,0.04603297506091497,2,1,-0.009081372566018708,-0.009081372566018708,0.9591012690216311,-0.008147457144656936,"(0.898, 0.988]"
2019-10-03,9197.05,0.023702986387061,1.3366571692635731,bull,bull,0.010754766874015002,0.015141389332711001,0.974103808403015,0.974103808403015,11361.8,0.056879191677374985,2,1,-0.005953708928813639,-0.005953708928813639,0.963349041529,-0.005710209789010577,"(0.898, 0.988]"
2019-10-04,9080.25,0.033420208044067,1.33871228289458,bull,bull,0.011993705295026,0.020051591098308,0.9679546952247621,0.9679546952247621,11215.15,0.07425669741376639,2,1,-0.012907285817388092,-0.012907285817388092,0.9559609899297361,-0.012434221420921675,"(0.898, 0.988]"
2019-10-07,9034.95,0.023512019394159003,1.285900768874866,bull,bull,0.015933835878968003,0.014201416634023,0.9698647856712341,0.9698647856712341,11162.0,0.07018007525533054,2,1,-0.0047391252011786955,-0.0047391252011786955,0.9539309497922661,-0.004530418818719745,"(0.898, 0.988]"
2019-10-09,9180.55,0.038476765757205,1.2891812111761292,bull,bull,0.023818140849471002,0.020170338451862002,0.9560114741325371,0.9560114741325371,11347.7,0.052521656370894565,2,1,0.016636803440243764,0.016636803440243764,0.9321933332830661,0.015870361707258973,"(0.898, 0.988]"
2019-10-10,9113.15,0.022066080480911,1.295670992593748,bull,bull,0.028269380331039002,0.020203197374939003,0.95152747631073,0.95152747631073,11254.25,0.05411289068574088,2,1,-0.00823514897291966,-0.00823514897291966,0.923258095979691,-0.007676750971148595,"(0.898, 0.988]"
2019-10-11,9157.15,0.020664864714241,1.3059453973816,bull,bull,0.033988054841756,0.029399072751402,0.9366128444671631,0.9366128444671631,11311.7,0.051977156395590196,2,1,0.005104738210009563,0.005104738210009563,0.902624789625407,0.004712990880248205,"(0.898, 0.988]"
2019-10-14,9184.8,0.020266930301532003,1.329397756296575,bull,bull,0.031437117606401,0.033950638025999,0.9346122741699211,0.9346122741699211,11336.3,0.05348305884636084,2,1,0.002174739429086525,0.002174739429086525,0.9031751565635201,0.0019629737196693027,"(0.898, 0.988]"
2019-10-15,9254.2,0.030580426745066003,1.328326822982035,bull,bull,0.042899101972579005,0.033688709139823005,0.9234122037887571,0.9234122037887571,11439.4,0.0420913684284141,2,1,0.009094678157776315,0.009094678157776315,0.8805131018161781,0.00821408736904445,"(0.898, 0.988]"
2019-10-16,9285.35,0.025659860489006002,1.329307194934878,bull,bull,0.04828380420804,0.035988278687000004,0.9157279133796691,0.9157279133796691,11475.55,0.043013188910335565,2,1,0.0031601307760895647,0.0031601307760895647,0.8674441091716291,0.002782536551799389,"(0.898, 0.988]"
2019-10-17,9388.8,0.043072513359478,1.326958853837257,bull,bull,0.037697989493608,0.068517796695232,0.89378422498703,0.89378422498703,11600.65,0.03598936266502317,2,1,0.010901438275289665,0.010901438275289665,0.856086235493422,0.009456388413398143,"(0.808, 0.898]"
2019-10-18,9477.55,0.069990742413294,1.321790409546689,bull,bull,0.039201632142066005,0.05957855284214,0.90121978521347,0.90121978521347,11670.0,0.026096829477292083,2,1,0.0059781132953757865,0.0059781132953757865,0.8620181530714041,0.005117780506391433,"(0.898, 0.988]"
2019-10-22,9448.15,0.063633498069324,1.277312844190507,bull,bull,0.05410195887088701,0.09255090355873101,0.85334712266922,0.85334712266922,11624.35,0.02496053542778731,2,1,-0.0039117395029990565,-0.0039117395029990565,0.799245163798333,-0.0033719904616716988,"(0.808, 0.898]"
2019-10-23,9464.85,0.08034516804684401,1.28461144296534,bull,bull,0.054629467427730005,0.04707996174693101,0.8982905149459831,0.8982905149459831,11624.7,0.040568788871970796,2,1,3.0109210407580633e-05,3.0109210407580633e-05,0.8436610475182531,2.4064640804045255e-05,"(0.898, 0.988]"
2019-10-24,9437.3,0.021938990979674,1.2468471922450861,bull,bull,0.018440885469317003,0.09079016745090401,0.8907689452171321,0.8907689452171321,11611.15,0.03996589485106994,2,1,-0.0011656214784038221,-0.0011656214784038221,0.8723280597478151,-0.0009833894374799434,"(0.808, 0.898]"
2019-10-25,9423.95,-0.006221692616748001,0.834865874297368,bull,bull,0.305144697427749,0.03199266642332,0.662862658500671,0.662862658500671,11625.0,0.04159569892473103,2,1,0.0011928189714196513,0.0011928189714196513,0.35771796107292203,0.001040529458968889,"(0.574, 0.716]"
2019-10-29,9599.2,0.013129564740153001,0.6920325255109011,bull,bull,0.361308068037033,0.08717141300439801,0.5515205860137941,0.5515205860137941,11795.45,0.030155695628399037,2,1,0.014662365591397997,0.014662365591397997,0.19021251797676103,0.00524499152386066,"(0.344, 0.574]"
2019-10-30,9650.85,0.033895944592343005,0.759245849568391,sideways,bull,0.24989184737205503,0.35513892769813504,0.394969254732131,0.394969254732131,11840.2,0.021929528217428773,2,0,0.003793835758703512,0.003793835758703512,0.145077407360076,0.0007216350524532707,"(0.344, 0.574]"
2019-10-31,9692.95,0.025551634934322002,0.7054848642483571,sideways,sideways,0.25708350539207403,0.494704663753509,0.24821189045906003,0.494704663753509,11877.45,0.01801733537080774,1,0,0.0031460617219303266,0.0,-0.008871614933014,0.0004564224780124281,"(0.344, 0.574]"
2019-11-01,9706.6,0.033463581870255,0.680782009413885,sideways,sideways,0.25887435674667303,0.5160590410232541,0.22506663203239402,0.5160590410232541,11928.25,0.009909249051621272,1,0,0.0042770123216682165,0.0,-0.03380772471427901,-3.794400638159663e-05,"(0.344, 0.574]"
2019-11-04,9733.55,0.041935173092980005,0.6663292119044071,sideways,sideways,0.243245646357536,0.599336743354797,0.15741764008998801,0.599336743354797,11979.7,0.00919054734258773,1,0,0.00431328987906876,0.0,-0.085828006267548,-0.00014582251684444245,"(0.574, 0.716]"
2019-11-05,9693.35,0.048689320913526006,0.653865842853357,sideways,sideways,0.32475164532661405,0.563664555549621,0.11158379912376401,0.563664555549621,11956.0,0.007669789227166435,1,0,-0.001978346703172873,-0.0,-0.21316784620285004,0.00016979755323930426,"(0.344, 0.574]"
2019-11-06,9716.2,0.056447447822943,0.6254361074957651,sideways,sideways,0.380642771720886,0.5548135042190551,0.06454376131296101,0.5548135042190551,12008.05,-0.004359575451467812,1,0,0.004353462696554011,0.0,-0.316099010407925,-0.0009280182665488703,"(0.344, 0.574]"
2019-11-07,9769.25,0.075878968090085,0.616881542004539,sideways,sideways,0.110387906432151,0.8105834126472471,0.079028688371181,0.8105834126472471,12047.95,-0.006743885889300638,1,0,0.003322770974471423,0.0,-0.03135921806097,-0.0010503246168425933,"(0.808, 0.898]"
2019-11-08,9678.25,0.071201279475813,0.5454573050467431,sideways,sideways,0.036148682236671004,0.9201498031616211,0.043701533228158,0.9201498031616211,11945.35,-0.0039471426119787045,1,0,-0.00851597159682771,-0.0,0.0075528509914869965,0.00026705421030594705,"(0.898, 0.988]"
2019-11-11,9696.4,0.056189443987560005,0.5743666978060491,sideways,sideways,0.209242209792137,0.753256618976593,0.037501133978366005,0.753256618976593,11943.7,-0.0004646801242497167,1,0,-0.00013812906277332893,-0.0,-0.17174107581377102,-1.0432682287207069e-06,"(0.716, 0.808]"
2019-11-13,9629.35,0.056643421868399005,0.520748726755033,sideways,sideways,0.05119564756751,0.863590955734252,0.085213392972946,0.863590955734252,11863.25,0.013942216508966654,1,0,-0.0067357686479064816,-0.0,0.034017745405436,0.001156808154024129,"(0.808, 0.898]"
2019-11-14,9648.9,0.053701206161305005,0.522280345365371,sideways,bull,0.045788921415805005,0.8725652694702141,0.081645809113979,0.8725652694702141,11899.65,0.02039555785254188,2,0,0.003068299159167953,0.0,0.035856887698174,0.00010437661962428877,"(0.808, 0.898]"
2019-11-15,9665.9,0.052380019162094005,0.5224215314584341,sideways,sideways,0.04549853131175,0.821385025978088,0.13311642408370902,0.821385025978088,11942.6,0.011718553748764737,1,0,0.003609349854827748,0.0,0.08761789277195903,0.0001294200524079792,"(0.808, 0.898]"
2019-11-18,9673.45,0.045303753971169,0.5249399667379401,sideways,bull,0.049278657883405005,0.6648480296134941,0.285873293876647,0.6648480296134941,11920.9,0.02233472304943418,2,0,-0.0018170247684758944,-0.0,0.236594635993242,-0.0001592038813283146,"(0.574, 0.716]"
2019-11-19,9711.9,0.045937956027505,0.523900133292423,sideways,bull,0.036479037255048,0.8187008500099181,0.14482012391090301,0.8187008500099181,11969.15,0.022892185326443437,2,0,0.004047513191118179,0.0,0.10834108665585501,0.000957619910130451,"(0.808, 0.898]"
2019-11-20,9739.55,0.037358341854124004,0.5250183443245791,sideways,bull,0.033813934773206,0.8614708781242371,0.10471516102552401,0.8614708781242371,12018.15,0.020868436489809294,2,0,0.0040938579598384095,0.0,0.07090122625231801,0.00044353301998361494,"(0.808, 0.898]"
2019-11-21,9708.35,0.024352285136981,0.506476227021877,sideways,bull,0.06974250078201201,0.44808954000473006,0.48216792941093406,0.48216792941093406,11974.55,0.026343369896989932,2,0,-0.003627846215931818,-0.0,0.41242542862892206,-0.00025721874536439757,"(0.344, 0.574]"
2019-11-22,9680.0,0.024539195503881003,0.49118748257294403,sideways,bull,0.043955948203802005,0.46964240074157704,0.48640161752700806,0.48640161752700806,11914.5,0.030378950018884687,2,0,-0.005014802226388393,-0.0,0.44244566932320606,-0.0020682319577075056,"(0.344, 0.574]"
2019-11-25,9804.35,0.035869559475321,0.49012590900758,sideways,sideways,0.041059687733650006,0.852582514286041,0.106357790529727,0.852582514286041,12096.3,0.011751527326538058,1,0,0.015258718368374558,0.0,0.065298102796077,0.0067511538615097795,"(0.808, 0.898]"
2019-11-26,9767.55,0.034994119080669,0.533934006195753,sideways,sideways,0.058683324605226,0.879338502883911,0.061978172510862004,0.879338502883911,12075.2,0.004252517556644797,1,0,-0.0017443350446002537,-0.0,0.0032948479056360003,-0.00011390176905310693,"(0.808, 0.898]"
2019-11-27,9822.5,0.042291183633189004,0.536997942457295,sideways,sideways,0.04490211978554701,0.9201048612594601,0.034993018954992,0.9201048612594601,12108.55,0.01740092744383115,1,0,0.0027618590168276835,0.0,-0.009909100830555004,9.099905397256597e-06,"(0.898, 0.988]"
2019-11-28,9873.2,0.028544045337111003,0.543304030102384,sideways,sideways,0.113140679895877,0.8179298639297481,0.068929381668567,0.8179298639297481,12151.15,0.014661163758162843,1,0,0.0035181751737409783,0.0,-0.04421129822731,-3.486195253615472e-05,"(0.808, 0.898]"
2019-11-29,9807.4,0.016221369102203002,0.44564698091561805,sideways,sideways,0.063163384795188,0.7711610794067381,0.165675476193428,0.7711610794067381,12099.85,0.012099323545333274,1,0,-0.00422182262584192,-0.0,0.10251209139824001,0.00018665225917390214,"(0.716, 0.808]"
2019-12-02,9799.85,0.011028634213526001,0.463222240857164,sideways,sideways,0.06470637023448901,0.750548899173736,0.18474471569061202,0.750548899173736,12091.45,0.012599812264037613,1,0,-0.0006942234821092352,-0.0,0.120038345456123,-7.116630104878637e-05,"(0.716, 0.808]"
2019-12-03,9744.6,0.003914862052623,0.46734180775704803,sideways,bull,0.053921218961477,0.46655133366584706,0.47952741384506203,0.47952741384506203,12046.45,0.024310066451112,2,0,-0.003721638016945805,-0.0,0.42560619488358503,-0.00044673926994078113,"(0.344, 0.574]"
2019-12-04,9776.75,0.004438257367558001,0.48214779476971503,sideways,sideways,0.058023877441883004,0.647638261318206,0.294337838888168,0.647638261318206,12089.8,0.01378434713560206,1,0,0.003598570533227541,0.0,0.236313961446285,0.0015315739116671672,"(0.574, 0.716]"
2019-12-05,9748.8,0.005720416574249001,0.485619285824725,sideways,sideways,0.068859338760375,0.634714484214782,0.29642620682716303,0.634714484214782,12047.7,-0.00033201357935541687,1,0,-0.0034822743138842593,-0.0,0.22756686806678803,-0.0008229100379566334,"(0.574, 0.716]"
2019-12-06,9663.5,-0.005423931166505001,0.48265699648618404,sideways,sideways,0.04863930866122201,0.6952109932899471,0.25614970922470004,0.6952109932899471,11955.7,0.012629958931722918,1,0,-0.007636312325174144,-0.0,0.20751040056347803,-0.0017377716794196917,"(0.574, 0.716]"
2019-12-09,9669.95,-0.010164546920183001,0.510588296520901,sideways,sideways,0.101050198078155,0.586188793182373,0.31276100873947105,0.586188793182373,11966.7,0.008089113957899796,1,0,0.0009200632334367409,0.0,0.21171081066131603,0.0001909226901141869,"(0.574, 0.716]"
2019-12-10,9598.05,-0.008286622064939,0.516999846856215,bull,bull,0.09903405606746601,0.329682409763336,0.571283519268035,0.571283519268035,11898.2,0.03122741254979733,2,1,-0.00572421803838985,-0.0,0.472249463200569,-0.0012118788413096435,"(0.344, 0.574]"
2019-12-11,9638.45,-0.0059764448661350006,0.501233001101075,bull,bull,0.08124615252017901,0.323619067668914,0.5951347947120661,0.5951347947120661,11938.15,0.029472740751288917,2,1,0.0033576507370862707,0.0033576507370862707,0.5138886421918871,0.0015856487582039862,"(0.574, 0.716]"
2019-12-12,9689.1,0.006204987875609001,0.507873223578284,bull,bull,0.09880606085062,0.354426324367523,0.5467675924301141,0.5467675924301141,12028.65,0.02772547210202303,2,1,0.007580739059234398,0.007580739059234398,0.4479615315794941,0.0038956557019609686,"(0.344, 0.574]"
2019-12-13,9785.0,0.014105234793603,0.5001253082335451,sideways,bull,0.032259192317724006,0.7518896460533141,0.21585117280483201,0.7518896460533141,12142.35,0.0209720523621868,2,0,0.00945243231784132,0.00945243231784132,0.183591980487108,0.004234326058251705,"(0.716, 0.808]"
2019-12-16,9755.8,0.009300737644709001,0.5352609538198221,sideways,bull,0.12555235624313302,0.651093959808349,0.22335365414619401,0.651093959808349,12082.55,0.024456757886373248,2,0,-0.00492491156983621,-0.0,0.097801297903061,-0.0009041742688301019,"(0.574, 0.716]"
2019-12-17,9836.3,0.016834738381859,0.539292700708994,sideways,sideways,0.096208959817886,0.803193867206573,0.10059714317321701,0.803193867206573,12187.15,0.015360441120360502,1,0,0.008657112943873724,0.0,0.0043881833553310046,0.0008466768820042394,"(0.716, 0.808]"
2019-12-18,9867.55,0.016026730094008002,0.561313431536635,sideways,sideways,0.068088769912719,0.872729957103729,0.059181246906518006,0.872729957103729,12243.15,0.011557483164055027,1,0,0.004595003753953941,0.0,-0.008907523006200999,2.0163718990784166e-05,"(0.808, 0.898]"
2019-12-19,9890.9,0.015539732328495,0.5613101775881121,sideways,sideways,0.058125454932451005,0.8925566673278801,0.049317847937345005,0.8925566673278801,12268.95,-0.00047273809087178265,1,0,0.002107300817191682,0.0,-0.008807606995106,-1.877083051012107e-05,"(0.808, 0.898]"
2019-12-20,9901.6,0.019905545226531002,0.562752391947658,sideways,sideways,0.16679528355598403,0.794166028499603,0.039038695394992,0.794166028499603,12290.0,-0.007070789259560617,1,0,0.001715713243594541,0.0,-0.12775658816099203,-1.5111327965879284e-05,"(0.716, 0.808]"
2019-12-23,9899.05,0.022629132231404003,0.56952314950685,sideways,sideways,0.21924111247062603,0.7435582876205441,0.037200573831796,0.7435582876205441,12276.45,-0.010687128608026009,1,0,-0.001102522375915349,-0.0,-0.18204053863883002,0.0001408544971180957,"(0.716, 0.808]"
2019-12-24,9865.5,0.0062370274419,0.563644162488337,sideways,sideways,0.13888344168663,0.8280199766159051,0.033096611499786,0.8280199766159051,12238.45,-0.0030600280264250213,1,0,-0.0030953573712270144,-0.0,-0.105786830186844,0.0005634805231378386,"(0.808, 0.898]"
2019-12-26,9819.0,0.005267441681895,0.515044043971405,sideways,sideways,0.028101839125156004,0.9203770160675041,0.051521122455596,0.9203770160675041,12126.55,0.011961357517183524,1,0,-0.009143314717141582,-0.0,0.023419283330439997,0.000967242281327128,"(0.898, 0.988]"
2019-12-27,9910.55,0.008964113005853001,0.694321900603948,sideways,sideways,0.08217323571443501,0.8803299069404601,0.037496853619813,0.8803299069404601,12319.25,-0.01571118371654112,1,0,0.01589075211003954,0.0,-0.044676382094622005,0.00037215002599880323,"(0.808, 0.898]"
2019-12-30,9924.9,0.005236397520560001,0.7998347445793,sideways,bear,0.200199201703071,0.766516983509063,0.033283788710832006,0.766516983509063,12329.3,-0.021193417306740847,0,0,0.0008157964161779052,0.0,-0.166915412992239,-3.6446832400587365e-05,"(0.716, 0.808]"
2019-12-31,9876.65,0.007060994759059001,0.78557029139884,sideways,sideways,0.274613231420516,0.6891520023345941,0.036234721541404,0.6891520023345941,12246.25,-0.010182708992548806,1,0,-0.006735986633466529,-0.0,-0.23837850987911202,0.0011243399908352672,"(0.574, 0.716]"
2020-01-01,9891.75,0.009377694556549,0.8012040107685561,sideways,sideways,0.39623743295669506,0.54186064004898,0.061901904642581,0.54186064004898,12243.8,-0.01698818994103135,1,0,-0.0002000612432377924,-0.0,-0.33433552831411406,4.7690301047587526e-05,"(0.344, 0.574]"
2020-01-02,9979.8,0.024136444800196003,0.822681704628858,bear,bear,0.86481237411499,0.09803220629692001,0.037155460566282,0.86481237411499,12339.3,-0.027959446646082076,0,-1,0.007799866054656324,0.0,-0.827656913548708,-0.0026077723381628466,"(0.808, 0.898]"
2020-01-03,9938.55,0.016549466847367002,0.8377069779346231,bear,bear,0.850152194499969,0.11322554200887601,0.036622319370508,0.850152194499969,12256.45,-0.049080280179007896,0,-1,-0.006714319288776416,0.006714319288776416,-0.8135298751294611,0.005557152779129245,"(0.808, 0.898]"
2020-01-06,9742.9,-0.000605202691613,0.8547163307437311,bear,bear,0.874946415424346,0.092161543667316,0.032892022281885,0.874946415424346,12043.7,-0.028276194192814574,0,-1,-0.017358207311252483,0.017358207311252483,-0.842054393142461,0.01412142022639453,"(0.808, 0.898]"
2020-01-07,9808.3,0.014984218968282002,1.036937909683084,bear,sideways,0.5456249117851251,0.37036427855491605,0.08401083201169901,0.5456249117851251,12106.7,-0.01176621209743367,1,-1,0.005230950621486707,-0.005230950621486707,-0.46161407977342606,-0.004404744951134168,"(0.344, 0.574]"
2020-01-08,9789.45,0.012357871550525002,1.014997189974616,bear,sideways,0.5811862945556641,0.33424246311187705,0.08457125723361901,0.5811862945556641,12063.5,0.0018899987565796916,1,-1,-0.0035682721137882956,0.0035682721137882956,-0.49661503732204504,0.0016471646481875618,"(0.574, 0.716]"
2020-01-09,9941.5,0.035783310151541,1.053424999780389,sideways,sideways,0.493253588676452,0.43291237950325,0.073834046721458,0.493253588676452,12269.75,-0.010872267161107563,1,0,0.0170970282256393,-0.0170970282256393,-0.41941954195499404,-0.008490641310371918,"(0.344, 0.574]"
2020-01-10,9976.55,0.035078254283624,1.090680938520078,bear,sideways,0.5570212602615351,0.33777168393135004,0.10520702600479101,0.5570212602615351,12290.0,-0.015793327908869004,1,-1,0.001650400374905825,0.0,-0.45181423425674405,-0.0006922101692853515,"(0.344, 0.574]"
2020-01-13,10041.3,0.036350125398643005,1.133187874451463,bear,bear,0.7215799689292901,0.16988117992877902,0.108538828790187,0.7215799689292901,12362.15,-0.026055338270446482,0,-1,0.005870626525630529,-0.005870626525630529,-0.6130411401391032,-0.0026524326282850873,"(0.716, 0.808]"
2020-01-14,10074.15,0.029550332141032,1.150225757378108,sideways,bear,0.27322828769683805,0.5601202249526971,0.166651472449302,0.5601202249526971,12397.0,-0.021791562474792303,0,0,0.0028190889125274676,-0.0028190889125274676,-0.10657681524753604,-0.0017282174810893433,"(0.344, 0.574]"
2020-01-15,10086.05,0.033851657475552,1.116880431576569,sideways,sideways,0.165735304355621,0.7522315382957451,0.082033172249794,0.7522315382957451,12378.05,-0.012085910139319034,1,0,-0.0015285956279745827,-0.0,-0.083702132105827,0.00016291285383083844,"(0.716, 0.808]"
2020-01-16,10108.05,0.027627258217012004,1.106502157954717,sideways,sideways,0.177355453372001,0.7363953590393061,0.086249150335788,0.7363953590393061,12374.35,-0.016142262017803,1,0,-0.00029891622670763507,-0.0,-0.091106303036213,2.5019925496457804e-05,"(0.716, 0.808]"
2020-01-17,10113.4,0.024914999163926,1.089528160397682,sideways,bear,0.17709282040596003,0.7035998702049251,0.119307294487953,0.7035998702049251,12384.65,-0.02059000456209903,0,0,0.0008323669526075772,0.0,-0.05778552591800702,-7.583387582159507e-05,"(0.574, 0.716]"
2020-01-20,10028.6,0.013921887795852001,1.08845526620589,sideways,sideways,0.22473092377185802,0.6503326296806331,0.124936461448669,0.6503326296806331,12263.15,-0.015387563554225325,1,0,-0.009810531585470739,-0.0,-0.09979446232318902,0.0005669067272016458,"(0.574, 0.716]"
2020-01-21,9987.1,0.008634968085965,1.136464193517903,sideways,sideways,0.19144311547279302,0.773941218852996,0.034615680575370004,0.773941218852996,12203.1,-0.016143438962230916,1,0,-0.004896784268315968,-0.0,-0.156827434897423,0.0004886719531692425,"(0.716, 0.808]"
2020-01-22,9947.7,0.004914613018420001,1.159094816164814,sideways,sideways,0.21766346693038902,0.758075416088104,0.024261105805635,0.758075416088104,12145.25,-0.00020995862580019953,1,0,-0.0047405987003302785,-0.0,-0.193402361124754,0.0007434559340508549,"(0.716, 0.808]"
2020-01-23,10020.35,0.01569611271603,1.166981704286181,sideways,sideways,0.300239950418472,0.657758831977844,0.042001228779554006,0.657758831977844,12201.0,-0.009999180395049545,1,0,0.0045902719170045625,0.0,-0.25823872163891803,-0.0008877694269533332,"(0.574, 0.716]"
2020-01-24,10086.25,0.027217639270801,1.173503675572542,bear,bear,0.793278694152832,0.14309515058994202,0.06362618505954701,0.793278694152832,12271.6,-0.03618517552723366,0,-1,0.0057864109499221605,0.0,-0.729652509093285,-0.001494275366585336,"(0.716, 0.808]"
2020-01-27,9991.1,0.008127702297047,1.168502692070184,bear,bear,0.869880139827728,0.08527071774005801,0.044849131256341004,0.869880139827728,12125.7,-0.0254954353150747,0,-1,-0.011889240196877315,0.011889240196877315,-0.825031008571387,0.008675013940864276,"(0.808, 0.898]"
2020-01-28,9960.75,0.0036121270743280005,1.162168147139971,bear,bear,0.8776586651802061,0.079040877521038,0.043300408869981,0.8776586651802061,12068.0,-0.030854325488896328,0,-1,-0.004758488169755215,0.004758488169755215,-0.8343582563102251,0.003925900293968158,"(0.808, 0.898]"
2020-01-29,10008.8,0.013380042828286,1.242547487694771,bear,bear,0.8788788914680481,0.071473471820354,0.04964761435985501,0.8788788914680481,12121.55,-0.040279502208875884,0,-1,0.004437354988398923,-0.004437354988398923,-0.8292312771081931,-0.003702343770750004,"(0.808, 0.898]"
2020-01-30,9910.15,0.0018601359718950002,1.239283205997052,bear,bear,0.957587778568267,0.023804565891623,0.018607603386044003,0.957587778568267,12035.8,-0.0736677246215457,0,-1,-0.00707417780729358,0.00707417780729358,-0.9389801751822231,0.005866129497632493,"(0.898, 0.988]"
2020-01-31,9864.85,-0.011518266899136001,1.268039414413598,bear,bear,0.9665011167526241,0.018437791615724,0.015061106532812,0.9665011167526241,11994.3,-0.0725844776268727,0,-1,-0.0034480466607953453,0.0034480466607953453,-0.9514400102198121,0.0032376474575900927,"(0.898, 0.988]"
2020-02-01,9595.4,-0.034527169456308,1.229690746438875,bear,bear,0.8382049798965451,0.07467967271804801,0.08711536228656701,0.8382049798965451,11654.9,-0.030901166033170613,0,-1,-0.028296774301126315,0.028296774301126315,-0.751089617609978,0.026922683230251338,"(0.808, 0.898]"
2020-02-03,9661.7,-0.008334274189409,1.343941375407028,bear,bear,0.9529350399971,0.014822235330939001,0.032242756336927005,0.9529350399971,11703.15,-0.038968141056040406,0,-1,0.0041398896601430035,-0.0041398896601430035,-0.9206922836601731,-0.0031094281417843104,"(0.898, 0.988]"
2020-02-04,9856.15,0.004878521252408,1.230532633369153,bear,bear,0.9520038962364191,0.015032035298645002,0.032964065670967005,0.9520038962364191,11964.25,-0.059251520153791426,0,-1,0.022310232715123668,-0.022310232715123668,-0.9190398305654521,-0.020540859107477112,"(0.898, 0.988]"
2020-02-05,9951.8,0.016584179907962,1.284801686602786,bear,bear,0.8975864648818971,0.026085818186402,0.07632769644260401,0.8975864648818971,12086.3,-0.09485119515484475,0,-1,0.010201224481267035,-0.010201224481267035,-0.8212587684392931,-0.009375331618823798,"(0.808, 0.898]"
2020-02-06,10001.15,0.006000100588442,1.298790898896962,bear,bear,0.9472891092300411,0.014141958206892001,0.038568954914808,0.9472891092300411,12136.35,-0.13793273925026883,0,-1,0.004141052265788536,-0.004141052265788536,-0.908720154315233,-0.0034008754838442375,"(0.898, 0.988]"
2020-02-07,9991.95,0.001543619788404,1.24462049571978,bear,bear,0.9464564323425291,0.019266456365585,0.034277152270078,0.9464564323425291,12095.9,-0.1360088955761869,0,-1,-0.00333296254639992,0.00333296254639992,-0.9121792800724511,0.0030287302394914274,"(0.898, 0.988]"
2020-02-10,9946.6,-0.009431049764472,1.2412952463842721,bear,bear,0.952102839946746,0.018235526978969,0.029661564156413002,0.952102839946746,12040.05,-0.20709631604519907,0,-1,-0.004617267007829162,0.004617267007829162,-0.9224412757903331,0.004211775295103886,"(0.898, 0.988]"
2020-02-11,9986.65,-0.00868559630341,1.23802462822434,bear,bear,0.9520356655120851,0.01825038716197,0.029713997617363003,0.9520356655120851,12126.85,-0.18381937601273202,0,-1,0.007209272386742738,-0.007209272386742738,-0.922321667894722,-0.00665013041794699,"(0.898, 0.988]"
2020-02-12,10038.3,-0.004734261678258,1.238390178830881,bear,bear,0.936509132385253,0.023804919794201,0.039685923606157004,0.936509132385253,12228.45,-0.25432495532957977,0,-1,0.00837810313477938,-0.00837810313477938,-0.896823208779096,-0.007727306057063717,"(0.898, 0.988]"
2020-02-13,10014.25,-0.00927973249044,1.2443952109133751,bear,bear,0.930807054042816,0.023771833628416002,0.045421149581670005,0.930807054042816,12174.6,-0.26768846615083863,0,-1,-0.004403665223311259,0.004403665223311259,-0.8853859044611461,0.003949309175958918,"(0.898, 0.988]"
2020-02-14,9958.45,-0.015321256946229002,1.242248040650592,bear,bear,0.9353843331336971,0.019769610837101003,0.044846020638942004,0.9353843331336971,12129.65,-0.3047037630929169,0,-1,-0.003692113087904403,0.003692113087904403,-0.890538312494755,0.0032689448857070747,"(0.898, 0.988]"
2020-02-17,9893.6,-0.013461500109686001,1.24607549945144,bear,bear,0.9588289856910701,0.016000986099243,0.025170000270009003,0.9588289856910701,12074.45,-0.32039140499153174,0,-1,-0.004550832052037657,0.004550832052037657,-0.9336589854210611,0.004052690296068658,"(0.898, 0.988]"
2020-02-18,9856.65,-0.013061849786224001,1.230428887271628,bear,bear,0.966418385505676,0.010873766615986,0.022707821801304002,0.966418385505676,12006.1,-0.27344433246433064,0,-1,-0.005660713324416422,0.005660713324416422,-0.943710563704372,0.005285175859234118,"(0.898, 0.988]"
2020-02-19,9972.4,0.002482986016868,1.228841128948553,bear,bear,0.9426636099815361,0.021243767812848,0.036092624068260006,0.9426636099815361,12142.7,-0.3756289787279601,0,-1,0.011377549745545945,-0.011377549745545945,-0.9065709859132761,-0.010737113883943699,"(0.898, 0.988]"
2020-02-20,9959.75,-0.006047692944857,1.251348569220356,bear,bear,0.9568212628364561,0.016184384003281,0.026994315907359002,0.9568212628364561,12079.0,-0.3501200430499214,0,-1,-0.005245950241709041,0.005245950241709041,-0.9298269469290971,0.004755826282678155,"(0.898, 0.988]"
2020-02-24,9762.6,-0.032088238939149,1.260401694597874,bear,bear,0.9668102860450741,0.011497547850012,0.021692169830203,0.9668102860450741,11827.55,-0.2929896724173644,0,-1,-0.02081712062256813,0.02081712062256813,-0.9451181162148712,0.01935631971233727,"(0.898, 0.988]"
2020-02-25,9734.85,-0.025647826565643003,1.290086885649494,bear,bear,0.9606413245201111,0.010155261494219001,0.029203450307250002,0.9606413245201111,11816.55,-0.2686994088799183,0,-1,-0.0009300320015557251,0.0009300320015557251,-0.9314378742128611,0.000878990093329893,"(0.898, 0.988]"
2020-02-26,9620.75,-0.034133975855231,1.275323124550508,bear,bear,0.939812958240509,0.013908475637435,0.046278584748506005,0.939812958240509,11695.65,-0.2602890818381193,0,-1,-0.010231412721987354,0.010231412721987354,-0.893534373492003,0.009529925315962324,"(0.898, 0.988]"
2020-02-27,9570.7,-0.043771481096634,1.289337200909547,bear,bear,0.933496117591857,0.015885664150118002,0.050618197768926,0.933496117591857,11633.3,-0.2873776142625051,0,-1,-0.0053310418830933015,0.0053310418830933015,-0.8828779198229311,0.004763469169069401,"(0.898, 0.988]"
2020-02-28,9250.6,-0.06655297851192901,1.282371949407793,bear,bear,0.797437667846679,0.030198480933904003,0.172363862395286,0.797437667846679,11149.15,-0.2267616813837825,0,-1,-0.04161759775815976,0.04161759775815976,-0.625073805451393,0.03674325813675157,"(0.716, 0.808]"
2020-03-02,9188.35,-0.068576815663694,1.350731897611878,bear,bear,0.9287579655647271,0.035800646990537005,0.035441391170024004,0.9287579655647271,11123.7,-0.2576840439781728,0,-1,-0.0022826852271248255,0.0022826852271248255,-0.8933165743947031,0.001426846741566592,"(0.898, 0.988]"
2020-03-03,9346.15,-0.025975988494486003,1.351452327605332,bear,bear,0.898691534996032,0.044582702219486,0.05672578513622201,0.898691534996032,11294.75,-0.2842249717789238,0,-1,0.015377077770885483,-0.015377077770885483,-0.8419657498598101,-0.013736598438488358,"(0.898, 0.988]"
2020-03-04,9261.6,-0.041410931823592005,1.25864763544925,bear,bear,0.932588994503021,0.030133889988064003,0.037277080118656006,0.932588994503021,11247.1,-0.21083212561460285,0,-1,-0.004218774209256426,0.004218774209256426,-0.895311914384365,0.0035520633905858144,"(0.898, 0.988]"
2020-03-05,9271.55,-0.059313220679474005,1.247737126374477,bear,bear,0.913468122482299,0.032004214823246,0.05452762171626,0.913468122482299,11255.35,-0.2225430573016388,0,-1,0.0007335224191125089,-0.0007335224191125089,-0.858940500766039,-0.0006567313612994708,"(0.898, 0.988]"
2020-03-06,9055.5,-0.09006410900540501,1.140459668111018,bear,bear,0.8790808320045471,0.04314475506544101,0.07777443528175301,0.8790808320045471,10939.9,-0.16939825775372708,0,-1,-0.028026671760540633,0.028026671760540633,-0.8013063967227941,0.024073243476804177,"(0.808, 0.898]"
2020-03-09,8627.5,-0.137349204841443,1.138288777600624,bear,bear,0.8628242611885071,0.061454653739929005,0.07572110742330501,0.8628242611885071,10462.35,-0.13871166611707697,0,-1,-0.04365213575992466,0.04365213575992466,-0.787103153765202,0.03497873561503946,"(0.808, 0.898]"
2020-03-11,8614.3,-0.13787599017208801,1.251501710542198,bear,bear,0.9432706832885741,0.030415773391723,0.026313513517379,0.9432706832885741,10450.75,-0.14548716599287137,0,-1,-0.0011087375207291528,0.0011087375207291528,-0.9169571697711951,0.0008726907992637272,"(0.898, 0.988]"
2020-03-12,7934.75,-0.20226509561056003,1.253169411908487,bear,bear,0.8674051165580751,0.067058138549327,0.065536707639694,0.8674051165580751,9546.6,-0.05354262250434705,0,-1,-0.08651532186685162,0.08651532186685162,-0.8018684089183811,0.07933084468087226,"(0.808, 0.898]"
2020-03-13,8210.05,-0.177897493153359,1.4067945629589511,bear,bear,0.8290333747863771,0.057912901043891005,0.113053701817989,0.8290333747863771,9897.7,-0.05924608747486804,0,-1,0.0367774914629293,-0.0367774914629293,-0.715979672968388,-0.029490708563388462,"(0.808, 0.898]"
2020-03-16,7593.6,-0.24353725232360002,1.473593437969326,sideways,sideways,0.21977332234382602,0.48976600170135504,0.290460735559463,0.48976600170135504,9118.45,0.015578305523416658,1,0,-0.07873041211594611,0.07873041211594611,0.07068741321563698,0.05636937471944151,"(0.344, 0.574]"
2020-03-17,7418.8,-0.259175674663604,1.4796209206822701,sideways,sideways,0.18500590324401803,0.49059447646141,0.32439967989921503,0.49059447646141,8915.6,0.00628112521871782,1,0,-0.022246105423619156,-0.0,0.139393776655197,-0.0015725196465179903,"(0.344, 0.574]"
2020-03-18,7052.4,-0.29181750171964504,1.470750158101558,bull,bull,0.09084223955869601,0.09337109327316201,0.815786659717559,0.815786659717559,8433.7,0.08947437067953556,2,1,-0.054051325766072855,-0.0,0.7249444201588631,-0.007534418431753255,"(0.808, 0.898]"
2020-03-19,6805.25,-0.31215634349478405,1.457506799888328,bull,bull,0.086595654487609,0.078787386417388,0.8346169590950011,0.8346169590950011,8205.9,0.13293483956665342,2,1,-0.027010683329973917,-0.027010683329973917,0.7480213046073921,-0.01958124416474261,"(0.808, 0.898]"
2020-03-20,7158.9,-0.273698467532072,1.442352943395211,bull,bull,0.047684501856565004,0.061903577297925005,0.8904119133949281,0.8904119133949281,8723.1,0.0475920257706548,2,1,0.0630278214455453,0.0630278214455453,0.8427274115383631,0.047146153224258566,"(0.808, 0.898]"
2020-03-23,6263.7,-0.371896434158276,1.5272036615809301,bull,bull,0.050000887364149,0.054143644869327004,0.8958554863929741,0.8958554863929741,7581.55,0.22602238328573954,2,1,-0.13086517407802278,-0.13086517407802278,0.8458545990288251,-0.11028366941128943,"(0.808, 0.898]"
2020-03-24,6397.7,-0.35764451918973805,1.517471129574112,bull,bull,0.045197244733572006,0.056170966476202004,0.8986317515373231,0.8986317515373231,7849.9,0.19718085580708045,2,1,0.035395136878342726,0.035395136878342726,0.8534345068037511,0.029939139311800967,"(0.898, 0.988]"
2020-03-25,6709.95,-0.31268821830250104,1.536297738062431,bull,bull,0.026238081976771,0.032084841281175,0.941677033901214,0.941677033901214,8362.2,0.14194231183181438,2,1,0.06526197785959065,0.06526197785959065,0.915438951924443,0.05569682388763707,"(0.898, 0.988]"
2020-03-26,7002.4,-0.28068742713036104,1.582912707309748,bull,bull,0.025570491328835,0.024356510490179003,0.9500730037689201,0.9500730037689201,8641.45,0.14100064225332543,2,1,0.03339432206835524,0.03339432206835524,0.9245025124400851,0.030570463194482422,"(0.898, 0.988]"
2020-03-27,7014.75,-0.270872852948054,1.6136897565629882,bull,bull,0.024079916998744,0.025539640337228,0.950380444526672,0.950380444526672,8651.4,0.07334073097995697,2,1,0.0011514271331778403,0.0011514271331778403,0.926300527527928,0.0010644972775145979,"(0.898, 0.988]"
2020-03-30,6755.6,-0.294137314929942,1.6186068750899891,bull,bull,0.023864898830652,0.026898181065917,0.949236929416656,0.949236929416656,8290.15,0.1107881039546934,2,1,-0.04175624754375018,-0.04175624754375018,0.925372030586004,-0.03867883412736254,"(0.898, 0.988]"
2020-03-31,6976.4,-0.24584351285322,1.609506125996727,bull,bull,0.024794278666377,0.027894295752048003,0.9473114013671871,0.9473114013671871,8620.95,0.0765286888335972,2,1,0.039902776186196975,0.039902776186196975,0.9225171227008101,0.03692491302543994,"(0.898, 0.988]"
2020-04-01,6766.45,-0.26358377728319005,1.620412059530481,bull,bull,0.026955848559737,0.027718473225831004,0.94532561302185,0.94532561302185,8257.3,0.1146803434536714,2,1,-0.042182126099791994,-0.042182126099791994,0.918369764462113,-0.038913733598982855,"(0.898, 0.988]"
2020-04-03,6651.55,-0.288311229757707,1.6186756413161012,bull,bull,0.032082684338092,0.024217251688241,0.943700015544891,0.943700015544891,8084.5,0.14251345166676965,2,1,-0.02092693737662421,-0.02092693737662421,0.911617331206799,-0.019218666549483766,"(0.898, 0.988]"
2020-04-07,7141.5,-0.22891293081109101,1.598231718429546,bull,bull,0.047437358647584006,0.059697531163692,0.8928651213645931,0.8928651213645931,8875.85,0.03935397736554802,2,1,0.09788484136310238,0.09788484136310238,0.845427762717009,0.08923351784903229,"(0.808, 0.898]"
2020-04-08,7161.5,-0.227583305919722,1.638146382608213,bull,bull,0.060056488960981,0.09704254567623101,0.8429009914398191,0.8429009914398191,8750.55,0.05277382564524524,2,1,-0.014116957812491338,-0.014116957812491338,0.7828445024788381,-0.011934868059784954,"(0.808, 0.898]"
2020-04-09,7432.25,-0.17925570095522,1.6399580901690949,bull,bull,0.102926343679428,0.22652518749237002,0.670548439025878,0.670548439025878,9086.7,0.03376913510955548,2,1,0.03841472821708369,0.03841472821708369,0.56762209534645,0.030072758798962665,"(0.574, 0.716]"
2020-04-13,7368.15,-0.14596928426543002,1.6475634101493921,sideways,sideways,0.133645415306091,0.6526556611061091,0.21369893848896002,0.6526556611061091,9011.1,0.014737379454228483,1,0,-0.00831985209151842,-0.00831985209151842,0.08005352318286901,-0.00472253187716023,"(0.574, 0.716]"
2020-04-15,7357.55,-0.145891134508897,1.626987303065845,sideways,bull,0.166721016168594,0.660573899745941,0.172705128788948,0.660573899745941,8930.3,0.023157116782191123,2,0,-0.008966718824560904,-0.0,0.005984112620354004,-0.0007178174332962543,"(0.574, 0.716]"
2020-04-16,7432.1,-0.063347931566842,1.627765203894324,sideways,bear,0.177033156156539,0.6871427893638611,0.135824084281921,0.6871427893638611,9035.45,-0.023197516449097733,0,0,0.011774520452840553,0.0,-0.041209071874618,7.04600564404595e-05,"(0.574, 0.716]"
2020-04-17,7631.05,-0.070523322026053,1.536546495623548,bear,bear,0.8944410085678101,0.06829742342233601,0.037261623889207,0.8944410085678101,9311.3,-0.045879737523224384,0,-1,0.030529746719864415,0.0,-0.8571793846786031,-0.0012581025268927758,"(0.808, 0.898]"
2020-04-20,7614.05,0.00269305731142,1.515595539974897,sideways,bear,0.113529466092586,0.8129442334175111,0.07352632284164401,0.8129442334175111,9260.5,-0.020932994978672848,0,0,-0.005455736578136139,0.005455736578136139,-0.040003143250941994,0.0046765449230152835,"(0.808, 0.898]"
2020-04-21,7392.05,-0.0036057044265910003,1.4177402132020291,sideways,sideways,0.09996398538351,0.808509230613708,0.09152686595916701,0.808509230613708,8971.6,0.011536403762985481,1,0,-0.0311970195993736,-0.0,-0.008437119424342998,0.0012479788440361871,"(0.808, 0.898]"
2020-04-22,7540.65,0.069231750893312,1.416703152887354,sideways,sideways,0.11743762344121901,0.7965755462646481,0.08598678559064801,0.7965755462646481,9188.3,-0.017467866743576033,1,0,0.02415399705738097,0.0,-0.031450837850571,-0.0002037901577483526,"(0.716, 0.808]"
2020-04-23,7617.95,0.119422504683883,1.3661811328428342,bear,bear,0.7848884463310241,0.15575005114078502,0.059361573308706006,0.7848884463310241,9296.75,-0.028262564874821816,0,-1,0.011803053883743475,0.0,-0.7255268730223181,-0.0003712159338391683,"(0.716, 0.808]"
2020-04-24,7505.55,0.048422243640782,1.334059254187973,sideways,sideways,0.10158364474773401,0.7841726541519161,0.11424370855093001,0.7841726541519161,9138.25,0.018728968894481834,1,0,-0.017048968725629887,0.017048968725629887,0.012660063803195995,0.012369484967761548,"(0.716, 0.808]"
2020-04-27,7609.4,0.214841068378115,1.2968359673336791,sideways,bull,0.13412383198738,0.740851759910583,0.12502443790435702,0.740851759910583,9295.15,0.020973303281819122,2,0,0.01716958936339008,0.0,-0.009099394083022988,0.00021736809681519373,"(0.716, 0.808]"
2020-04-28,7685.85,0.201345796145489,0.8966741531629571,sideways,sideways,0.236255079507827,0.552489101886749,0.21125583350658403,0.552489101886749,9397.75,0.0102524540448512,1,0,0.01103801444839525,0.0,-0.02499924600124298,-0.00010043924336004999,"(0.344, 0.574]"
2020-04-29,7786.95,0.160507902443386,0.8921273092521,bull,bull,0.103886552155017,0.131974399089813,0.7641390562057491,0.7641390562057491,9549.15,0.02532686155312258,2,1,0.016110239152988814,0.0,0.6602525040507321,-0.0004027438317244237,"(0.716, 0.808]"
2020-04-30,8008.05,0.14361504626985,0.8439327941435151,sideways,sideways,0.09684275090694401,0.46396219730377203,0.43919509649276706,0.46396219730377203,9859.9,0.010451424456637604,1,0,0.0325421634386307,0.0325421634386307,0.34235234558582306,0.021486044897584104,"(0.344, 0.574]"
2020-05-04,7605.45,0.08420827541965101,0.8108200575243051,bull,bull,0.041340593248605007,0.090964898467063,0.867694556713104,0.867694556713104,9285.9,0.0846336919415458,2,1,-0.058215600563900294,-0.0,0.826353963464499,-0.01993024740273863,"(0.808, 0.898]"
2020-05-05,7534.95,0.11536355023980001,0.884396009260735,bull,bull,0.037811111658811,0.075709633529186,0.886479258537292,0.886479258537292,9208.6,0.08785808917750781,2,1,-0.008324448895637437,-0.008324448895637437,0.848668146878481,-0.006878941338567667,"(0.808, 0.898]"
2020-05-06,7589.2,0.08783900005733601,0.8418374030158481,bull,bull,0.030573995783925,0.033815607428550006,0.9356104135513301,0.9356104135513301,9280.7,0.09318262631051533,2,1,0.00782963751275978,0.00782963751275978,0.9050364177674051,0.0066447639586840815,"(0.898, 0.988]"
2020-05-07,7531.05,0.11299869207634701,0.8193228781352101,bull,bull,0.017382925376296002,0.024963220581412003,0.9576538205146791,0.9576538205146791,9204.25,0.10441915419507297,2,1,-0.008237525186677752,-0.008237525186677752,0.940270895138383,-0.007455260286219607,"(0.898, 0.988]"
2020-05-08,7550.2,0.13510384797528302,0.7875905750180231,bull,bull,0.015884296968579,0.023044049739837,0.9610716104507441,0.9610716104507441,9236.65,0.0863245873774583,2,1,0.003520112991281188,0.003520112991281188,0.9451873134821651,0.0033098597933002138,"(0.898, 0.988]"
2020-05-11,7561.15,0.05876216481131401,0.775214942223277,bull,bull,0.011945076286792,0.014622856862843002,0.973432064056396,0.973432064056396,9225.15,0.0968602136550627,2,1,-0.0012450401390113885,-0.0012450401390113885,0.9614869877696041,-0.0011767961441696358,"(0.898, 0.988]"
2020-05-12,7530.15,0.05147664595405901,0.610547791124825,bull,bull,0.014491029083728001,0.014864866621792,0.970644056797027,0.970644056797027,9212.35,0.07405276612373601,2,1,-0.001387511314179135,-0.001387511314179135,0.956153027713299,-0.0013340740739663413,"(0.898, 0.988]"
2020-05-13,7668.25,0.031753506676982,0.6151686281797141,bull,bull,0.016143381595611,0.010842086747288001,0.9730144739151001,0.9730144739151001,9393.55,0.05980699522544741,2,1,0.01966924834597017,0.01966924834597017,0.9568710923194891,0.018806811358844176,"(0.898, 0.988]"
2020-05-14,7521.3,0.020785407463203003,0.5724544690989011,bull,bull,0.014975237660109001,0.015503007918596,0.9695218205451961,0.9695218205451961,9143.9,0.07325648793184536,2,1,-0.026576746810311302,-0.026576746810311302,0.9545465828850871,-0.025430520750681074,"(0.898, 0.988]"
2020-05-15,7497.6,0.019034868944145,0.5851644328104361,bull,bull,0.016628189012408,0.016605289652943,0.9667665362358091,0.9667665362358091,9137.1,0.08325945869039408,2,1,-0.0007436651756907997,-0.0007436651756907997,0.9501383472234011,-0.0007098630522662908,"(0.898, 0.988]"
2020-05-18,7251.05,-0.024360544126155,0.585686587039242,bull,bull,0.025162529200315004,0.040027871727943004,0.9348095655441281,0.9348095655441281,8825.85,0.11655534594401651,2,1,-0.03406441868864296,-0.03406441868864296,0.909647036343813,-0.03236591047195316,"(0.898, 0.988]"
2020-05-19,7293.25,-0.044266516403378,0.6207652404357811,bull,bull,0.035972028970718,0.043231856077909005,0.9207960963249201,0.9207960963249201,8884.1,0.13369953062212248,2,1,0.0065999308848438965,0.0065999308848438965,0.884824067354202,0.00600360756947225,"(0.898, 0.988]"
2020-05-20,7440.4,-0.022806522153124002,0.591364995455528,bull,bull,0.025859167799353003,0.032287072390317,0.9418537020683281,0.9418537020683281,9066.65,0.128923031108513,2,1,0.020547945205479312,0.020547945205479312,0.915994534268975,0.01818131645248348,"(0.898, 0.988]"
2020-05-21,7468.4,0.010328663902435,0.607399758206509,bull,bull,0.015772867947816002,0.023226335644721003,0.9610008597373961,0.9610008597373961,9075.1,0.133673458143712,2,1,0.0009319870073292158,0.0009319870073292158,0.9452279917895802,0.0008536950047232609,"(0.898, 0.988]"
2020-05-22,7423.9,-0.015482750160795,0.574071847176983,bull,bull,0.015367489308118001,0.019454469904303003,0.965178072452545,0.965178072452545,9027.8,0.15949622277852882,2,1,-0.005212063778911702,-0.005212063778911702,0.949810583144427,-0.004926588578819918,"(0.898, 0.988]"
2020-05-26,7434.35,-0.024100972046285002,0.5588042170239771,bull,bull,0.004863583948463,0.019118390977382,0.976017951965332,0.976017951965332,9034.0,0.13965574496347122,2,1,0.0006867675402646434,0.0006867675402646434,0.971154368016869,0.0006522990779034247,"(0.898, 0.988]"
2020-05-27,7596.4,0.012104376095023002,0.553735078091946,bull,bull,0.003363917348906,0.014630514197051001,0.9820055961608881,0.9820055961608881,9309.4,0.10537736051732649,2,1,0.030484835067522642,0.030484835067522642,0.9786416788119822,0.02960548073409844,"(0.898, 0.988]"
2020-05-28,7729.25,0.015750256261991002,0.562106813401781,bull,bull,0.008124449290335001,0.011175855062901,0.9806997179985041,0.9806997179985041,9490.1,0.08723827989167665,2,1,0.019410488323629904,0.019410488323629904,0.9725752687081691,0.018995912879597548,"(0.898, 0.988]"
2020-05-29,7812.75,0.016510860867698002,0.5656694455951781,bull,bull,0.011421031318604,0.011614547111093,0.9769644141197201,0.9769644141197201,9494.1,0.08022877365943049,2,1,0.00042149187047546555,0.00042149187047546555,0.9655433828011162,0.0004099325691859847,"(0.898, 0.988]"
2020-06-01,8012.65,0.028984390550857,0.5653945229985411,bull,bull,0.007875162176787,0.012571619823575,0.97955322265625,0.97955322265625,9791.0,0.045883975079154427,2,1,0.03127205316986337,0.03127205316986337,0.971678060479463,0.030194524004766243,"(0.898, 0.988]"
2020-06-02,8147.05,0.017357533981431,0.581200864582753,bull,bull,0.011537586338818,0.014043082483112002,0.9744192957878111,0.9744192957878111,9962.95,0.04470061578147022,2,1,0.01756204677765294,0.01756204677765294,0.9628817094489931,0.01706465555095941,"(0.898, 0.988]"
2020-06-03,8209.45,0.079416734052554,0.5596739265267231,bull,bull,0.0036136542912570003,0.012746091932058001,0.9836402535438531,0.9836402535438531,10071.8,0.04645644274111893,2,1,0.010925478899321828,0.010925478899321828,0.980026599252596,0.010519943799127905,"(0.898, 0.988]"
2020-06-04,8189.9,0.08692161195495601,0.43336316910284406,bull,bull,0.005093489773571,0.014658433385193001,0.9802480340003961,0.9802480340003961,10017.65,0.0553822503281709,2,1,-0.005376397466192673,-0.005376397466192673,0.975154544226825,-0.00526901252502308,"(0.898, 0.988]"
2020-06-05,8316.95,0.09589284773098601,0.426264124789948,bull,bull,0.0053104222752150005,0.015213802456855002,0.9794757962226861,0.9794757962226861,10145.5,0.06006111083731702,2,1,0.012762474232978827,0.012762474232978827,0.974165373947471,0.012445384743867065,"(0.898, 0.988]"
2020-06-08,8330.45,0.10614721718751001,0.43495346151540604,bull,bull,0.006326923612505001,0.024658044800162003,0.969015002250671,0.969015002250671,10165.35,0.059151922953956326,2,1,0.001956532452811688,0.001956532452811688,0.9626880786381661,0.0019059861685336607,"(0.898, 0.988]"
2020-06-09,8224.1,0.08925591375062901,0.427356497319661,bull,bull,0.010566312819719,0.012508134357631002,0.9769256114959711,0.9769256114959711,10034.0,0.06600558102451659,2,1,-0.012921345551309193,-0.012921345551309193,0.9663592986762521,-0.012439225322209662,"(0.898, 0.988]"
2020-06-10,8310.2,0.09906561832525401,0.4437823218981,bull,bull,0.005457489285618,0.006620805710554001,0.9879216551780701,0.9879216551780701,10118.7,0.06965815766847494,2,1,0.008441299581423145,0.008441299581423145,0.9824641658924521,0.00815732834342021,"(0.898, 0.988]"
2020-06-11,8142.5,0.081319761226535,0.44497886032862904,bull,bull,0.006761124823242001,0.005765114445239,0.9874737262725831,0.9874737262725831,9894.55,0.08813943029243365,2,1,-0.022152055105893242,-0.022152055105893242,0.9807126014493411,-0.02176360034241504,"(0.898, 0.988]"
2020-06-12,8187.4,0.067701235614384,0.47033435363908704,bull,bull,0.002804792951792,0.010856627486646,0.986338555812835,0.986338555812835,9955.35,0.08560221388499634,2,1,0.0061447968831327415,0.0061447968831327415,0.983533762861043,0.006026279736634914,"(0.898, 0.988]"
2020-06-15,8088.6,0.07542579075425701,0.46122221117759604,bull,bull,0.006392685696482001,0.011686988174915001,0.9819203019142151,0.9819203019142151,9813.75,0.08152846771111966,2,1,-0.014223507963055049,-0.014223507963055049,0.9755276162177331,-0.013989300307987541,"(0.898, 0.988]"
2020-06-16,8144.3,0.08625426803243601,0.454640361887348,bull,bull,0.014484941028058002,0.010175783187150001,0.9753392338752741,0.9753392338752741,9897.85,0.0737938037048449,2,1,0.008569608967010645,0.008569608967010645,0.9608542928472161,0.008359890207506004,"(0.898, 0.988]"
2020-06-17,8136.45,0.12210645354810601,0.45238987730511504,bull,bull,0.014759347774088001,0.017860462889075,0.9673801660537721,0.9673801660537721,9854.55,0.08719829926277711,2,1,-0.0043746874321192175,-0.0043746874321192175,0.952620818279684,-0.004203437199016514,"(0.898, 0.988]"
2020-06-18,8283.75,0.13581050971788902,0.39187073508742604,bull,bull,0.006741976831108,0.020608469843864,0.97264951467514,0.97264951467514,10071.9,0.0827202414638748,2,1,0.022055801634777827,0.022055801634777827,0.965907537844032,0.021010815801136448,"(0.898, 0.988]"
2020-06-19,8410.35,0.13036261491317602,0.404984226410226,bull,bull,0.0047353124246,0.018816856667399,0.976447880268096,0.976447880268096,10235.55,0.07552598541358324,2,1,0.0162481756173114,0.0162481756173114,0.971712567843496,0.01569423530497469,"(0.898, 0.988]"
2020-06-22,8496.95,0.137720261367896,0.41913577583203004,bull,bull,0.0032435057219110004,0.033609710633754,0.9631468057632441,0.9631468057632441,10288.2,0.08576330164654644,2,1,0.00514383692131859,0.00514383692131859,0.9599033000413331,0.00499833098338267,"(0.898, 0.988]"
2020-06-23,8628.9,0.16231360875011702,0.422476006694572,bull,bull,0.0040771537460380005,0.046640656888484004,0.9492821693420411,0.9492821693420411,10467.7,0.061412726769013215,2,1,0.017447172488870732,0.017447172488870732,0.9452050155960031,0.016747598448457374,"(0.898, 0.988]"
2020-06-24,8507.25,0.14431658450301602,0.42778570993545906,bull,bull,0.0036794489715240002,0.027013329789042,0.9693072438240051,0.9693072438240051,10295.65,0.0885713869449718,2,1,-0.016436275399562605,-0.016436275399562605,0.9656277948524812,-0.015535649945383775,"(0.898, 0.988]"
2020-06-25,8499.3,0.11885893317887401,0.46346570033807,bull,bull,0.0027703542727970003,0.024833289906382002,0.9723963737487791,0.9723963737487791,10290.4,0.08550202130140727,2,1,-0.0005099240941562888,-0.0005099240941562888,0.969626019475982,-0.0004923968785822861,"(0.898, 0.988]"
2020-06-26,8570.1,0.108788045411909,0.46077907318287803,bull,bull,0.002825736766681,0.027146715670824002,0.9700275063514711,0.9700275063514711,10318.0,0.07796569102539253,2,1,0.002682111482546823,0.002682111482546823,0.9672017695847901,0.002600645080612701,"(0.898, 0.988]"
2020-06-29,8490.25,0.086717225048798,0.5742508359809401,bull,bull,0.006564425304532001,0.018897207453846,0.9745383858680721,0.9745383858680721,10255.8,0.10241521870551296,2,1,-0.006028300058150915,-0.006028300058150915,0.96797396056354,-0.005830582483831658,"(0.898, 0.988]"
2020-06-30,8479.4,0.058251639594890006,0.5897604383178621,bull,bull,0.008628163486719001,0.012709944508969001,0.978661835193634,0.978661835193634,10240.25,0.09591562705988621,2,1,-0.001516215214805161,-0.001516215214805161,0.970033671706915,-0.0014676568465416503,"(0.898, 0.988]"
2020-07-01,8549.6,0.04941052282728001,0.5638462537206,bull,bull,0.0060110827907910004,0.012917097657918,0.9810718894004821,0.9810718894004821,10408.3,0.06666314383713012,2,1,0.01641073215985922,0.01641073215985922,0.9750608066096911,0.015918962772426992,"(0.898, 0.988]"
2020-07-02,8656.15,0.054412902204167,0.563558321566022,bull,bull,0.008089781738817001,0.017814423888921002,0.9740957617759701,0.9740957617759701,10539.7,0.05276715656043329,2,1,0.012624540030552689,0.012624540030552689,0.9660059800371531,0.012309694185267039,"(0.898, 0.988]"
2020-07-03,8692.25,0.06133774527161501,0.5709746300067621,bull,bull,0.011540158651769002,0.033161591738462004,0.9552983045578001,0.9552983045578001,10572.45,0.03224891108494243,2,1,0.003107299069233571,0.003107299069233571,0.943758145906031,0.0030016694826435096,"(0.898, 0.988]"
2020-07-06,8818.05,0.060250452389397004,0.5899205538180531,bull,bull,0.0072908187285060004,0.023669270798563003,0.9690398573875421,0.9690398573875421,10754.85,0.03228310948083868,2,1,0.01725238710043553,0.01725238710043553,0.961749038659036,0.01628208086236016,"(0.898, 0.988]"
2020-07-07,8841.45,0.061341224063526004,0.5969413248550981,bull,bull,0.012854858301579002,0.02995722554624,0.9571878910064691,0.9571878910064691,10766.65,0.032633177450739126,2,1,0.0010971794120790967,0.0010971794120790967,0.9443330327048901,0.0010552112448035578,"(0.898, 0.988]"
2020-07-08,8777.1,0.06724140027480201,0.614419590304081,bull,bull,0.009529300034046001,0.026769353076815,0.9637013673782341,0.9637013673782341,10696.3,0.04704430504006063,2,1,-0.006534065842207171,-0.006534065842207171,0.9541720673441881,-0.0061703342126649295,"(0.898, 0.988]"
2020-07-09,8863.95,0.06663497870087301,0.6011946016820351,bull,bull,0.0069164079613980006,0.025365866720676002,0.9677177667617791,0.9677177667617791,10823.55,0.037201287932332905,2,1,0.011896637154904077,0.011896637154904077,0.9608013588003811,0.011351438868538503,"(0.898, 0.988]"
2020-07-10,8815.3,0.08262818544673001,0.6934798067784761,bull,bull,0.010502055287361001,0.037209473550319005,0.9522884488105771,0.9522884488105771,10766.65,0.04891958037086752,2,1,-0.005257055217557927,-0.005257055217557927,0.941786393523216,-0.005050985796318289,"(0.898, 0.988]"
2020-07-13,8843.35,0.08011700906270601,0.6152851621554061,bull,bull,0.012840044684708,0.084576249122619,0.90258377790451,0.90258377790451,10807.55,0.049668981406516766,2,1,0.0037987674903521285,0.0037987674903521285,0.889743733219802,0.0035776275345719695,"(0.898, 0.988]"
2020-07-14,8694.1,0.074858442746581,0.6421496590944851,bull,bull,0.036929063498973,0.046333927661180004,0.9167370796203611,0.9167370796203611,10613.85,0.06632371853757113,2,1,-0.0179226559210921,-0.0179226559210921,0.8798080161213881,-0.015946570788446475,"(0.898, 0.988]"
2020-07-15,8704.25,0.068753606817037,0.665727947880639,bull,bull,0.023947359994053,0.056844647973775,0.91920793056488,0.91920793056488,10628.25,0.06483663820478447,2,1,0.0013567178733446816,0.0013567178733446816,0.8952605705708271,0.0011936512605838132,"(0.898, 0.988]"
2020-07-16,8760.2,0.076661197450976,0.6648141740225151,bull,bull,0.040453907102346004,0.069069847464561,0.8904762864112851,0.8904762864112851,10713.85,0.04413446146809963,2,1,0.008054007009620667,0.008054007009620667,0.8500223793089391,0.0072104349108144394,"(0.808, 0.898]"
2020-07-17,8914.15,0.076100799758563,0.664182423661099,bull,bull,0.027838267385959,0.108313016593456,0.863848745822906,0.863848745822906,10905.05,0.033301085277004816,2,1,0.01784605907306891,0.01784605907306891,0.8360104784369471,0.015169549594577914,"(0.808, 0.898]"
2020-07-20,8989.25,0.068831855986968,0.67065885202979,bull,bull,0.038153532892465,0.16392114758491502,0.797925293445587,0.797925293445587,11008.6,0.035422306196973175,2,1,0.009495600662078774,0.009495600662078774,0.759771760553122,0.007938421652550667,"(0.716, 0.808]"
2020-07-21,9078.1,0.068395130017241,0.650236325910309,sideways,bull,0.046900615096092,0.574903666973114,0.378195732831954,0.574903666973114,11170.55,0.022402656986451053,2,0,0.014711225768944125,0.014711225768944125,0.331295117735862,0.011177173902365134,"(0.574, 0.716]"
2020-07-22,9054.3,0.04929944720648,0.6753174944463951,sideways,sideways,0.072162836790084,0.47863975167274403,0.449197381734848,0.47863975167274403,11110.55,0.0175373856379748,1,0,-0.005371266410337916,-0.0,0.377034544944764,-0.0017794743378035808,"(0.344, 0.574]"
2020-07-23,9126.4,0.07277910017925801,0.6571624629806351,sideways,sideways,0.05899166688323,0.6107020974159241,0.33030629158020003,0.6107020974159241,11207.55,0.015137117389616872,1,0,0.008730440887264823,0.0,0.27131462469697004,0.0032916778070970544,"(0.574, 0.716]"
2020-07-24,9087.15,0.06916451943101101,0.6053411976903661,bull,bull,0.029803123325109003,0.24381880462169603,0.72637802362442,0.72637802362442,11170.25,0.02720619502696886,2,1,-0.0033281136376817066,-0.0,0.696574900299311,-0.00090296590255648,"(0.716, 0.808]"
2020-07-27,9019.6,0.052449796385106,0.6206016617983691,bull,bull,0.059176985174417,0.27781602740287703,0.663007020950317,0.663007020950317,11122.45,0.03139596042238879,2,1,-0.004279223831158641,-0.004279223831158641,0.6038300357759,-0.0029807999135477658,"(0.574, 0.716]"
2020-07-28,9136.75,0.07614616766290701,0.636534466085093,sideways,bull,0.051002789288759,0.621906101703643,0.327091097831726,0.621906101703643,11306.15,0.021408702343414854,2,0,0.016516145273748117,0.016516145273748117,0.276088308542967,0.009972944591527288,"(0.574, 0.716]"
2020-07-29,9093.7,0.072446163643654,0.6243972775585801,bull,bull,0.036511287093162,0.255421131849288,0.708067595958709,0.708067595958709,11222.45,0.030011272048438453,2,1,-0.007403050552133084,-0.0,0.6715563088655471,-0.002043895704996501,"(0.574, 0.716]"
2020-07-30,9028.2,0.05597922709834301,0.6350069377659681,bull,bull,0.06122763082385001,0.240224346518516,0.6985480189323421,0.6985480189323421,11102.15,0.0516206320397401,2,1,-0.010719584404475069,-0.010719584404475069,0.6373203881084921,-0.007198804535241961,"(0.574, 0.716]"
2020-07-31,9046.7,0.045118210751893005,0.6678418162049681,bull,bull,0.057561129331588,0.35466483235359103,0.587774038314819,0.587774038314819,11095.85,0.02758689059423114,2,1,-0.0005674576545983134,-0.0005674576545983134,0.530212908983231,-0.0003616523326637318,"(0.574, 0.716]"
2020-08-03,8937.9,0.028260807040754003,0.748586764043477,bull,bull,0.08223696053028101,0.061446167528629005,0.856316924095153,0.856316924095153,10913.4,0.054753788920043345,2,1,-0.0164430845766661,-0.0164430845766661,0.7740799635648721,-0.008718335706051433,"(0.808, 0.898]"
2020-08-04,9079.4,0.029638071909322,0.788905823283605,bull,bull,0.056476123631000005,0.173010125756263,0.7705137729644771,0.7705137729644771,11102.05,0.041384248854941186,2,1,0.01728608866164527,0.01728608866164527,0.7140376493334771,0.01338081488138552,"(0.716, 0.808]"
2020-08-05,9101.95,0.029463492979092003,0.7903388833289301,bull,bull,0.061417058110237004,0.163846135139465,0.7747368216514581,0.7747368216514581,11118.0,0.03820831084727461,2,1,0.001436671605694606,0.001436671605694606,0.7133197635412211,0.0010258376161943286,"(0.716, 0.808]"
2020-08-06,9175.25,0.045362363422998,0.795646044778285,sideways,sideways,0.09791980683803501,0.5856193900108331,0.31646081805229104,0.5856193900108331,11199.5,0.01359435689093269,1,0,0.007330455117827039,0.007330455117827039,0.218541011214256,0.005228958511297918,"(0.574, 0.716]"
2020-08-07,9201.1,0.03803609000502,0.784647590893993,sideways,sideways,0.08608054369688001,0.7156769037246701,0.19824251532554601,0.7156769037246701,11226.2,0.012444103971067655,1,0,0.002384035001562701,0.0,0.11216197162866601,0.0005210094200116931,"(0.574, 0.716]"
2020-08-10,9272.5,0.051864372171111006,0.770398840668958,sideways,sideways,0.07438393682241401,0.7949389219284051,0.13067717850208202,0.7949389219284051,11293.35,0.002346513656266813,1,0,0.005981543175785253,0.0,0.05629324167966801,0.0006709016759780664,"(0.716, 0.808]"
2020-08-11,9297.95,0.051405858639542,0.765756672845738,sideways,sideways,0.082089073956012,0.844934165477752,0.072976745665073,0.844934165477752,11344.35,-0.003301202801394565,1,0,0.004515931942249196,0.0,-0.009112328290938998,0.0002542164482339666,"(0.808, 0.898]"
2020-08-12,9287.95,0.068304942432224,0.776409154081899,sideways,sideways,0.080685250461101,0.8410507440567011,0.078264005482196,0.8410507440567011,11317.8,0.012153422043153395,1,0,-0.002340372079493447,-0.0,-0.0024212449789050017,2.132623871129187e-05,"(0.808, 0.898]"
2020-08-13,9316.6,0.070350690754516,0.702519233053292,sideways,sideways,0.10606423020362801,0.8262814283370971,0.06765440106391901,0.8262814283370971,11317.35,0.013231896159436651,1,0,-3.976037745845318e-05,-0.0,-0.038409829139709,9.626961428064736e-08,"(0.808, 0.898]"
2020-08-14,9217.9,0.052247665578411005,0.7033596258105701,sideways,bull,0.16088230907917,0.754111111164093,0.08500655740499401,0.754111111164093,11186.7,0.023711192755683008,2,0,-0.011544221924743803,-0.0,-0.075875751674176,0.00044341159168029206,"(0.716, 0.808]"
2020-08-17,9277.65,0.040777864406589,0.8136792678213001,sideways,bull,0.11029054224491101,0.558727025985717,0.330982416868209,0.558727025985717,11268.2,0.023002786603006697,2,0,0.007285437170926112,0.0,0.22069187462329798,-0.000552788021619001,"(0.344, 0.574]"
2020-08-18,9387.8,0.044336290569291004,0.7477510225685521,sideways,sideways,0.17041788995265902,0.680621087551116,0.148961022496223,0.680621087551116,11398.55,0.019112080045268875,1,0,0.011567952290516548,0.0,-0.02145686745643602,0.0025529530765469708,"(0.574, 0.716]"
2020-08-19,9422.0,0.037882376268161,0.77766736523096,sideways,sideways,0.16827899217605502,0.747088432312011,0.08463255316019001,0.747088432312011,11420.8,0.008896049313533272,1,0,0.0019520026670059032,0.0,-0.083646439015865,-4.1883862500555276e-05,"(0.716, 0.808]"
2020-08-20,9367.95,0.034640999304198006,0.7586529668513591,sideways,sideways,0.12329153716564101,0.767979681491851,0.108728811144828,0.767979681491851,11305.4,0.01856192615918051,1,0,-0.010104370972261134,-0.0,-0.014562726020813002,0.0008451946503249176,"(0.716, 0.808]"
2020-08-21,9430.45,0.033315436535764,0.7706139780511251,sideways,sideways,0.251760452985763,0.6384063959121701,0.10983315110206601,0.6384063959121701,11377.2,-0.010644095207959836,1,0,0.006350947334901935,0.0,-0.14192730188369698,-9.24871060107894e-05,"(0.574, 0.716]"
2020-08-24,9504.4,0.045916486467154,0.7657932930826671,bear,bear,0.8749199509620661,0.07835117727518001,0.046728856861591006,0.8749199509620661,11474.15,-0.02720027191556673,0,-1,0.008521428822557242,0.0,-0.8281910941004751,-0.0012094234009795183,"(0.808, 0.898]"
2020-08-25,9514.3,0.05484722160627901,0.7849095666268371,bear,bear,0.907031655311584,0.051344539970159,0.041623756289482006,0.907031655311584,11471.65,-0.02824353950826608,0,-1,-0.0002178810630852901,0.0002178810630852901,-0.865407899022102,0.00018044715602038102,"(0.898, 0.988]"
2020-08-26,9569.3,0.047341779078994006,0.766055525088091,bear,bear,0.9289506077766411,0.040730200707912,0.030319210141897004,0.9289506077766411,11548.2,-0.06430872343741889,0,-1,0.006672972065919103,-0.006672972065919103,-0.8986313976347441,-0.005774842735800227,"(0.898, 0.988]"
2020-08-27,9588.4,0.054400299108173004,0.7337081969811541,bear,bear,0.9099988937377931,0.06153780594468101,0.028463305905461003,0.9099988937377931,11559.25,-0.04473041071003736,0,-1,0.0009568590776050101,-0.0009568590776050101,-0.8815355878323321,-0.0008598636102476822,"(0.898, 0.988]"
2020-08-28,9644.4,0.068252807868677,0.749685105328678,bear,bear,0.8733451962471,0.08202692866325301,0.044627849012613005,0.8733451962471,11675.25,-0.037451018179482265,0,-1,0.010035253152237411,-0.010035253152237411,-0.8287173472344871,-0.00884643278660387,"(0.808, 0.898]"
2020-08-31,9342.1,0.032652790520300005,0.7259541873841171,sideways,sideways,0.32770535349845803,0.47507157921791004,0.197223037481307,0.47507157921791004,11401.95,-0.01466854353860525,1,0,-0.023408492323504837,0.023408492323504837,-0.13048231601715102,0.019399023661093782,"(0.344, 0.574]"
2020-09-01,9464.15,0.05887848376016701,0.9972939738863171,bear,bear,0.69919615983963,0.10436330735683401,0.19644051790237402,0.69919615983963,11510.95,-0.022074633283960088,0,-1,0.009559768285249515,0.0,-0.502755641937256,-0.001247380706446665,"(0.574, 0.716]"
2020-09-02,9525.8,0.049166244465493,0.9686708722697971,sideways,sideways,0.321914255619049,0.344682991504669,0.333402723073959,0.344682991504669,11561.5,-0.010893915149418398,1,0,0.004391470730043867,-0.004391470730043867,0.01148846745491,-0.0022078366859318746,"(0.344, 0.574]"
2020-09-03,9540.3,0.048160009668257,0.9393672280312201,sideways,sideways,0.35341078042984003,0.43413969874382,0.21244955062866203,0.43413969874382,11542.8,-0.0021788474200367114,1,0,-0.0016174371837565094,-0.0,-0.140961229801178,-1.8581874445947944e-05,"(0.344, 0.574]"
2020-09-04,9396.1,0.024070188823192003,0.939513675772615,bull,bull,0.24116459488868702,0.163872256875038,0.5949631333351131,0.5949631333351131,11351.75,0.028004492699363448,2,1,-0.016551443323976844,-0.0,0.35379853844642606,0.0023331118059322733,"(0.574, 0.716]"
2020-09-07,9391.65,0.020709480388214,0.996232386633032,bull,bull,0.187062948942184,0.127215147018432,0.6857219338417051,0.6857219338417051,11365.9,0.033873252448112234,2,1,0.0012465038430198305,0.0012465038430198305,0.4986589848995211,0.00044101123782826934,"(0.574, 0.716]"
2020-09-08,9308.6,0.0038932326772710005,1.001416917434302,bull,bull,0.16582354903221103,0.083928480744361,0.7502479553222651,0.7502479553222651,11319.85,0.04522586430032183,2,1,-0.004051592922689751,-0.004051592922689751,0.5844244062900541,-0.0020203632140545547,"(0.716, 0.808]"
2020-09-09,9297.8,-1.613258836641318e-05,1.044411488072725,bull,bull,0.063723511993885,0.05216357111930801,0.884112894535064,0.884112894535064,11306.9,0.05509025462328321,2,1,-0.0011440080919801199,-0.0011440080919801199,0.820389382541179,-0.0006685862499464991,"(0.808, 0.898]"
2020-09-10,9423.35,0.014578028520825001,1.043182942629339,bull,bull,0.07895431667566301,0.051249708980321,0.8697959780693051,0.8697959780693051,11455.35,0.04216370516832746,2,1,0.013129151226242364,0.013129151226242364,0.7908416613936421,0.010771016267786735,"(0.808, 0.898]"
2020-09-11,9440.05,0.013250542043234,1.093509169263371,bull,bull,0.129958868026733,0.09361819922924,0.7764229178428651,0.7764229178428651,11467.1,0.0417716772331278,2,1,0.0010257216060618468,0.0010257216060618468,0.646464049816132,0.0008111833790653058,"(0.716, 0.808]"
2020-09-14,9482.2,0.028672474207791003,1.094312584916487,bull,bull,0.115014001727104,0.22196227312088002,0.663023710250854,0.663023710250854,11451.95,0.0463065242163998,2,1,-0.001321171002258592,-0.001321171002258592,0.5480097085237501,-0.0008540895566197276,"(0.574, 0.716]"
2020-09-15,9580.9,0.032686078910068,1.06387702199272,bull,sideways,0.143037065863609,0.28188839554786604,0.5750744938850401,0.5750744938850401,11527.4,0.013719485747002658,1,1,0.0065883976091407614,0.0065883976091407614,0.4320374280214311,0.0036105058534238008,"(0.574, 0.716]"
2020-09-16,9628.9,0.025682268476107002,1.096048173737925,sideways,sideways,0.179205998778343,0.322228044271469,0.49856591224670405,0.49856591224670405,11616.4,0.012805171998209408,1,0,0.0077207349445669315,0.0077207349445669315,0.319359913468361,0.0033356464678858835,"(0.344, 0.574]"
2020-09-17,9568.25,0.015522182126936,1.087647963706287,bull,bull,0.10948364436626401,0.154583275318145,0.735933125019073,0.735933125019073,11522.4,0.03185100326320911,2,1,-0.008092007850969307,-0.0,0.626449480652809,-0.0025842629270708558,"(0.716, 0.808]"
2020-09-18,9566.15,0.021157243580505,1.099832560215178,bull,bull,0.23666468262672402,0.18562756478786402,0.577707707881927,0.577707707881927,11515.25,0.033056164651223297,2,1,-0.0006205304450461746,-0.0006205304450461746,0.341043025255203,-0.00038873097502843256,"(0.574, 0.716]"
2020-09-21,9286.2,-0.015296194773314,1.108384198141337,bull,bull,0.100014738738536,0.13040767610073,0.76957756280899,0.76957756280899,11256.1,0.05964321567860975,2,1,-0.022504939102494514,-0.022504939102494514,0.6695628240704541,-0.007675152514698843,"(0.716, 0.808]"
2020-09-22,9231.65,-0.028697234964858,1.2295365673635041,bull,bull,0.048432033509016,0.051959674805402006,0.8996083140373231,0.8996083140373231,11162.05,0.06599146214181095,2,1,-0.008355469478771638,-0.008355469478771638,0.8511762805283071,-0.005594511740640823,"(0.898, 0.988]"
2020-09-23,9198.15,-0.033228929085692,1.212811826648063,bull,bull,0.040867142379283,0.071482233703136,0.8876506090164181,0.8876506090164181,11147.65,0.07057092750490024,2,1,-0.0012900856025550578,-0.0012900856025550578,0.8467834666371351,-0.0010980902647459339,"(0.808, 0.898]"
2020-09-24,8955.2,-0.064173973017879,1.215296694927159,bull,bull,0.050797108560800004,0.052622746676206006,0.896580100059509,0.896580100059509,10805.55,0.09003243703467212,2,1,-0.03068808224154873,-0.03068808224154873,0.8457829914987091,-0.02598616066494414,"(0.808, 0.898]"
2020-09-25,9146.8,-0.046055650577781,1.253085077099534,bull,bull,0.07765720039606,0.042622704058885005,0.8797200918197631,0.8797200918197631,11042.2,0.07578652804694697,2,1,0.021900782468268654,0.021900782468268654,0.8020628914237031,0.018523309312174743,"(0.808, 0.898]"
2020-09-28,9337.95,-0.031774916013437,1.3122179087617591,bull,bull,0.113541930913925,0.10438373684883101,0.7820743918418881,0.7820743918418881,11238.0,0.04302366969211602,2,1,0.017731973700892967,0.017731973700892967,0.668532460927963,0.014222158097187274,"(0.716, 0.808]"
2020-09-29,9319.2,-0.0024512689866300003,1.3542162259212152,bull,bull,0.10544345527887301,0.128049746155738,0.766506850719451,0.766506850719451,11234.7,0.038817235885248325,2,1,-0.0002936465563266877,-0.0002936465563266877,0.661063395440578,-0.00019631225494410223,"(0.716, 0.808]"
2020-09-30,9326.3,-0.014565491882525,1.208969264601101,bull,bull,0.116237595677375,0.12073678523302,0.7630255818367001,0.7630255818367001,11256.85,0.03389491731701133,2,1,0.0019715702243940925,0.0019715702243940925,0.6467879861593251,0.001303332906887501,"(0.716, 0.808]"
2020-10-01,9465.4,-0.006340674798966,1.177615302620463,sideways,bull,0.22863559424877103,0.365909427404403,0.405455023050308,0.405455023050308,11435.55,0.021511864317850904,2,0,0.015874778468221384,0.015874778468221384,0.17681942880153698,0.010267615996186325,"(0.344, 0.574]"
2020-10-05,9521.3,-0.0019915516283550002,1.210263956263706,bull,bull,0.16277827322483002,0.2726591527462,0.5645626187324521,0.5645626187324521,11517.65,0.026680789918082315,2,1,0.007179366099575368,0.0,0.40178434550762204,0.0012694514128840351,"(0.344, 0.574]"
2020-10-06,9621.1,0.023946105299007002,1.214471104235898,bull,bull,0.161511480808258,0.26588365435600203,0.5726048350334161,0.5726048350334161,11669.65,0.021697308831027495,2,1,0.01319713656865762,0.01319713656865762,0.4110933542251581,0.005302402878812807,"(0.344, 0.574]"
2020-10-07,9660.2,0.028594549413574002,1.187203413242288,bull,bull,0.18835173547267903,0.18450446426868403,0.627143800258636,0.627143800258636,11750.9,0.03339318690483273,2,1,0.006962505302215538,0.006962505302215538,0.438792064785957,0.0028622396584982333,"(0.574, 0.716]"
2020-10-08,9711.05,0.043234213522978,1.193469115118391,bull,bull,0.20320627093315102,0.13775242865085602,0.6590412855148311,0.6590412855148311,11831.8,0.036313156070927555,2,1,0.006884579053519246,0.006884579053519246,0.4558350145816801,0.0030208986580758596,"(0.574, 0.716]"
2020-10-09,9763.55,0.050092494998816,1.178185571543933,bull,bull,0.145247012376785,0.10888537764549201,0.7458676099777221,0.7458676099777221,11929.8,0.045051048634511925,2,1,0.008282763400327964,0.008282763400327964,0.6006205976009371,0.0037755735753651036,"(0.716, 0.808]"
2020-10-12,9747.95,0.03444634869765,1.176861836465852,bull,bull,0.09875245392322501,0.084114737808704,0.817132830619812,0.817132830619812,11938.35,0.06037266456419865,2,1,0.0007166926520143502,0.0007166926520143502,0.718380376696587,0.0004304603689490595,"(0.808, 0.898]"
2020-10-13,9730.85,0.030804921584101003,1.184002924113038,bull,bull,0.048354618251323006,0.030052138492465002,0.9215932488441461,0.9215932488441461,11946.1,0.06771666066749815,2,1,0.0006491684361742411,0.0006491684361742411,0.873238630592823,0.00046634986571838567,"(0.898, 0.988]"
2020-10-14,9760.0,0.029296998586825003,1.185038888615807,bull,bull,0.06010714545845901,0.025944182649254,0.9139486551284791,0.9139486551284791,11982.25,0.06040184439483398,2,1,0.0030260921974534227,0.0030260921974534227,0.8538415096700201,0.0026425006065518533,"(0.898, 0.988]"
2020-10-15,9543.35,-0.003919256019789001,1.185570873523113,bull,bull,0.06657417118549301,0.026564823463559,0.9068609476089471,0.9068609476089471,11685.55,0.09138209155752186,2,1,-0.024761626572638806,-0.024761626572638806,0.8402867764234541,-0.021142504614667205,"(0.898, 0.988]"
2020-10-16,9632.25,0.00034791097633100004,1.2373639646557821,bull,bull,0.072037279605865,0.028247470036149,0.899715185165405,0.899715185165405,11765.15,0.09491591692413626,2,1,0.006811831706680538,0.006811831706680538,0.82767790555954,0.0057238921063456644,"(0.898, 0.988]"
2020-10-19,9713.75,0.015206542471193001,1.246932403250133,bull,bull,0.078354202210903,0.03014700859785,0.8914988040924071,0.8914988040924071,11889.4,0.08981529766010055,2,1,0.01056085132786233,0.01056085132786233,0.8131446018815041,0.008740983307970782,"(0.808, 0.898]"
2020-10-20,9734.35,0.01758283112851,1.252235316637358,bull,bull,0.11467289179563502,0.036689769476652,0.848637342453002,0.848637342453002,11895.9,0.07545456838070264,2,1,0.0005467054687369188,0.0005467054687369188,0.733964450657367,0.00044455060072252293,"(0.808, 0.898]"
2020-10-21,9753.7,0.050343520492774005,1.253535171637709,bull,bull,0.15546303987503002,0.060612563043832,0.7839244008064271,0.7839244008064271,11927.45,0.07913258911167076,2,1,0.002652174278533037,0.002652174278533037,0.6284613609313972,0.0019466016373910994,"(0.716, 0.808]"
2020-10-22,9751.1,0.05626838105864,1.077489825585565,bull,bull,0.23581159114837602,0.08020577579736701,0.6839826703071591,0.6839826703071591,11898.65,0.08704348812680429,2,1,-0.002414598258638767,-0.002414598258638767,0.44817107915878307,-0.0015174817077267012,"(0.574, 0.716]"
2020-10-23,9777.55,0.062990927523469,1.06672989428183,bull,bull,0.26984632015228205,0.09997985512018201,0.630173802375793,0.630173802375793,11934.35,0.09452546640579507,2,1,0.0030003403747485002,0.0030003403747485002,0.36032748222351096,0.001344665783594703,"(0.574, 0.716]"
2020-10-26,9650.5,0.07764204037877401,1.063839579745375,bull,bull,0.227791294455528,0.079648777842521,0.692559957504272,0.692559957504272,11778.4,0.09175694491611774,2,1,-0.013067322476716381,-0.013067322476716381,0.464768663048744,-0.004708515407437907,"(0.574, 0.716]"
2020-10-27,9747.0,0.065618576988673,0.921191819884792,bull,bull,0.299507498741149,0.10632675141096101,0.594165742397308,0.594165742397308,11879.05,0.09326924291083882,2,1,0.008545303266997095,0.008545303266997095,0.294658243656159,0.003971589174748304,"(0.574, 0.716]"
2020-10-28,9629.75,0.031248828704372,0.8478583436166881,bull,bull,0.24783390760421703,0.07562730461359,0.6765387654304501,0.6765387654304501,11721.5,0.1105575225013864,2,1,-0.013262845092831488,-0.013262845092831488,0.4287048578262331,-0.003908006640937434,"(0.574, 0.716]"
2020-10-29,9592.25,0.029299725298308002,0.804248640392182,bull,bull,0.29691994190216003,0.062686219811439,0.640393853187561,0.640393853187561,11670.8,0.12617815402543098,2,1,-0.004325384976325619,-0.004325384976325619,0.343473911285401,-0.001854313551319399,"(0.574, 0.716]"
2020-10-30,9583.5,0.027577924793326002,0.8073616985438521,bull,bull,0.328607082366943,0.112834423780441,0.5585585236549371,0.5585585236549371,11638.4,0.13095013060214478,2,1,-0.00277615930356101,-0.00277615930356101,0.22995144128799405,-0.000953538294345455,"(0.344, 0.574]"
2020-11-02,9583.45,0.012471739176368,0.818594132912245,bull,bull,0.35074138641357405,0.12025416642427401,0.529004454612731,0.529004454612731,11681.55,0.1292893494442091,2,1,0.0037075543029969626,0.0037075543029969626,0.178263068199157,0.0008525574556276557,"(0.344, 0.574]"
2020-11-03,9691.05,0.017828447795994,0.7771593930419861,sideways,bull,0.35974863171577404,0.14666748046875,0.493583887815475,0.493583887815475,11824.95,0.12572146182436295,2,0,0.012275768198569681,0.012275768198569681,0.13383525609970098,0.0021883161035786696,"(0.344, 0.574]"
2020-11-04,9754.25,0.013839373876167,0.795059412249683,bull,bull,0.374819219112396,0.09510852396488101,0.5300722122192381,0.5300722122192381,11922.85,0.1228523381574036,2,1,0.008279104774227442,0.0,0.15525299310684204,0.0011080361077349867,"(0.344, 0.574]"
2020-11-05,9938.95,0.028855510237883002,0.778676985259192,bull,bull,0.271925002336502,0.09419979155063601,0.6338751912117,0.6338751912117,12143.3,0.10580731761547524,2,1,0.018489706739579725,0.018489706739579725,0.361950188875198,0.002870582312987502,"(0.574, 0.716]"
2020-11-06,10028.6,0.032699862527739,0.8444643064099031,bull,bull,0.166718170046806,0.050921943038702004,0.7823598384857171,0.7823598384857171,12261.45,0.1065330772461659,2,1,0.009729645154118005,0.009729645154118005,0.6156416684389111,0.0035216469012216665,"(0.716, 0.808]"
2020-11-09,10181.0,0.042755964787398,0.854145832745792,bull,bull,0.186259821057319,0.047005556523799,0.766734600067138,0.766734600067138,12467.25,0.08479015019350711,2,1,0.016784311806515406,0.016784311806515406,0.580474779009819,0.010333121724162059,"(0.716, 0.808]"
2020-11-10,10274.8,0.054047261219025006,0.8831762841746941,bull,bull,0.08304471522569601,0.04836551100015601,0.8685897588729851,0.8685897588729851,12659.1,0.06787607333854706,2,1,0.015388317391565876,0.015388317391565876,0.785545043647289,0.008932530137202157,"(0.808, 0.898]"
2020-11-11,10362.9,0.06495321580334701,0.8877154681617231,bull,bull,0.11048967391252501,0.050471015274524,0.8390392661094661,0.8390392661094661,12755.05,0.06401778119254731,2,1,0.007579527770536609,0.007579527770536609,0.7285495921969412,0.00595406047333202,"(0.808, 0.898]"
2020-11-12,10344.85,0.05992315573770401,0.887876091654843,bull,bull,0.125043019652366,0.041734959930181004,0.8332219719886781,0.8332219719886781,12706.0,0.06917597985203838,2,1,-0.0038455356897855175,-0.0038455356897855175,0.7081789523363121,-0.0028016634585720217,"(0.808, 0.898]"
2020-11-13,10388.3,0.0885380919698,0.9017686887747961,bull,bull,0.046045273542404,0.044994305819272,0.9089604616165161,0.9089604616165161,12753.4,0.0741802186083711,2,1,0.003730521013694199,0.003730521013694199,0.8629151880741122,0.002641876463146555,"(0.898, 0.988]"
2020-11-17,10525.95,0.092782060266292,0.7331450823945601,bull,bull,0.029322762042284,0.031529270112514,0.9391480088233941,0.9391480088233941,12881.85,0.06773483622305787,2,1,0.010071823984192596,0.010071823984192596,0.9098252467811101,0.008691129887568908,"(0.898, 0.988]"
2020-11-18,10588.6,0.09006305494788301,0.747537976606446,bull,bull,0.041755598038434004,0.043485216796398,0.9147592186927791,0.9147592186927791,12957.25,0.0630380674911728,2,1,0.0058531965517374385,0.0058531965517374385,0.8730036206543451,0.005325385997142857,"(0.898, 0.988]"
2020-11-19,10470.4,0.07561367733849701,0.742593169528119,bull,bull,0.08687746524810701,0.08609823137521701,0.8270243406295771,0.8270243406295771,12793.5,0.04191581662563015,2,1,-0.012637712477570506,-0.012637712477570506,0.7401468753814701,-0.011032768749707647,"(0.808, 0.898]"
2020-11-20,10553.7,0.08202015645344801,0.7966280793351871,bull,bull,0.063522234559059,0.08312305808067301,0.8533546924591061,0.8533546924591061,12871.3,0.047873952126047836,2,1,0.006081213116035489,0.006081213116035489,0.7898324579000471,0.00450099088636248,"(0.808, 0.898]"
2020-11-23,10633.7,0.090512865215206,0.799917293758259,bull,bull,0.057577885687351005,0.07192410528659801,0.87049800157547,0.87049800157547,12934.35,0.0524262912322615,2,1,0.004898495101504974,0.004898495101504974,0.812920115888119,0.003868990426033014,"(0.808, 0.898]"
2020-11-24,10747.3,0.09918128774590701,0.7987587244305301,bull,bull,0.045790046453475,0.05935213714838,0.894857764244079,0.894857764244079,13062.45,0.05368824378275128,2,1,0.009903860650129381,0.009903860650129381,0.8490677177906041,0.008051047547442958,"(0.808, 0.898]"
2020-11-25,10574.65,0.09576187762292,0.8041269695805111,bull,bull,0.155126392841339,0.060606122016906,0.784267485141754,0.784267485141754,12859.15,0.08020747872137735,2,1,-0.015563695937592215,-0.015563695937592215,0.629141092300415,-0.013214631790118317,"(0.716, 0.808]"
2020-11-26,10692.9,0.09704524469067301,0.81650117558303,bull,bull,0.10032682865858,0.063246645033359,0.8364265561103821,0.8364265561103821,12987.0,0.07299992299992297,2,1,0.009942336779647176,0.009942336779647176,0.7360997274518021,0.006255132621565815,"(0.808, 0.898]"
2020-11-27,10696.8,0.110807653365871,0.815240577523439,bull,bull,0.048287969082593,0.05582204088568601,0.895889997482299,0.895889997482299,13017.4,0.07375128673928755,2,1,0.0023408023408022505,0.0023408023408022505,0.847602028399706,0.001723063965083077,"(0.808, 0.898]"
2020-12-01,10828.25,0.128854022778805,0.750982678453026,bull,bull,0.030054835602641,0.052742950618267004,0.917202234268188,0.917202234268188,13143.4,0.0637848654077331,2,1,0.009679352251601658,0.009679352251601658,0.887147398665547,0.008204238602052827,"(0.898, 0.988]"
2020-12-02,10851.25,0.13228465591902702,0.7943130007541681,bull,bull,0.042160354554653,0.07992078363895401,0.8779188990592951,0.8779188990592951,13162.45,0.06772295431321673,2,1,0.0014493966553557058,0.0014493966553557058,0.835758544504642,0.0012858284724333589,"(0.808, 0.898]"
2020-12-03,10895.9,0.136949637134852,0.792075630285442,bull,bull,0.04745345935225401,0.06831784546375201,0.8842287063598631,0.8842287063598631,13191.85,0.07379177295072337,2,1,0.0022336267184299707,0.0022336267184299707,0.8367752470076091,0.0018667726151617122,"(0.808, 0.898]"
2020-12-04,10984.65,0.13348398780317902,0.7834231030673771,bull,bull,0.026175241917371,0.058651987463235,0.9151727557182311,0.9151727557182311,13311.6,0.06808723218846713,2,1,0.009077574411473721,0.009077574411473721,0.8889975138008601,0.007595889570390875,"(0.898, 0.988]"
2020-12-07,11069.1,0.134797652305405,0.774929523764167,bull,bull,0.04537201300263401,0.050019860267639,0.9046081900596611,0.9046081900596611,13387.6,0.059894977441811825,2,1,0.005709306169055628,0.005709306169055628,0.859236177057027,0.005075558989818366,"(0.898, 0.988]"
2020-12-08,11087.3,0.11554037398316701,0.7927341654830921,bull,bull,0.023474687710404,0.022331917658448,0.9541934132575981,0.9541934132575981,13428.15,0.05681720862516437,2,1,0.0030289222862946996,0.0030289222862946996,0.9307187255471941,0.002602559605878688,"(0.898, 0.988]"
2020-12-09,11185.15,0.11532517001376001,0.743907857173813,bull,bull,0.025407208129763003,0.020495349541306003,0.95409744977951,0.95409744977951,13567.7,0.059199422157034665,2,1,0.010392347419413861,0.010392347419413861,0.928690241649747,0.009672352345640541,"(0.898, 0.988]"
2020-12-10,11144.0,0.09458795796090701,0.749412063056036,bull,bull,0.018792273476719003,0.015143062919378001,0.9660646319389341,0.9660646319389341,13524.35,0.07134538813325597,2,1,-0.003195088334795204,-0.003195088334795204,0.9472723584622151,-0.002967247357733246,"(0.898, 0.988]"
2020-12-11,11165.45,0.08668295246622801,0.7359604703997441,bull,bull,0.02193353511393,0.017641309648752,0.9604251980781551,0.9604251980781551,13518.35,0.0800060658290398,2,1,-0.00044364424168263916,-0.00044364424168263916,0.938491662964225,-0.00042025192713689456,"(0.898, 0.988]"
2020-12-14,11212.85,0.082018546931843,0.735941847803781,bull,bull,0.018405919894576,0.014496124349534002,0.967097997665405,0.967097997665405,13571.6,0.07622903710689966,2,1,0.003939090199617468,0.003939090199617468,0.9486920777708291,0.0036968033120050783,"(0.898, 0.988]"
2020-12-15,11222.0,0.08479098295287,0.7285938517997921,bull,bull,0.025719143450260003,0.03245660662651,0.941824197769165,0.941824197769165,13584.95,0.07678717993073203,2,1,0.0009836717851985366,0.0009836717851985366,0.916105054318905,0.0009332016297445404,"(0.898, 0.988]"
2020-12-16,11311.95,0.08891252659241601,0.7211169624789321,bull,bull,0.031476888805627004,0.0371531881392,0.9313699603080751,0.9313699603080751,13699.45,0.055407333871067665,2,1,0.0084284447127152,0.0084284447127152,0.899893071502448,0.007721340801365845,"(0.898, 0.988]"
2020-12-17,11342.7,0.077593946389637,0.7283915939634411,bull,bull,0.038978863507509,0.041046403348445004,0.9199746847152711,0.9199746847152711,13754.4,0.03874033036700997,2,1,0.004011109935070367,0.004011109935070367,0.8809958212077621,0.0036095700396044576,"(0.898, 0.988]"
2020-12-18,11341.0,0.07105755246208101,0.698672032507289,bull,bull,0.08215586096048301,0.07751858234405501,0.840325593948364,0.840325593948364,13774.05,0.05778619941121166,2,1,0.0014286337462920962,0.0014286337462920962,0.758169732987881,0.001258620360519727,"(0.808, 0.898]"
2020-12-21,10929.1,0.043809214547677,0.705214272102589,bull,bull,0.204493179917335,0.03176100924611,0.763745784759521,0.763745784759521,13329.75,0.09868152065867708,2,1,-0.03225630805754298,-0.03225630805754298,0.559252604842186,-0.024455756467162196,"(0.716, 0.808]"
2020-12-22,11077.3,0.049612931957512006,0.9635213054404481,bull,bull,0.36777213215827903,0.030312534421682004,0.6019152998924251,0.6019152998924251,13487.5,0.082383688600556,2,1,0.011834430503197657,0.011834430503197657,0.23414316773414606,0.006618436085737111,"(0.574, 0.716]"
2020-12-23,11231.35,0.056203391105635006,1.046720258295088,bull,bull,0.297230899333953,0.099115461111068,0.603653669357299,0.603653669357299,13612.45,0.05639690136602882,2,1,0.009264133456904577,0.009264133456904577,0.306422770023346,0.0021691335539115227,"(0.574, 0.716]"
2020-12-24,11320.0,0.053287802517841,1.06575856102199,sideways,bull,0.27980095148086503,0.22641907632350902,0.49377992749214106,0.49377992749214106,13763.75,0.03555717010262471,2,0,0.011114825031496745,0.011114825031496745,0.21397897601127602,0.0034058354744760564,"(0.344, 0.574]"
2020-12-28,11439.7,0.08180412590487601,1.059939017592265,sideways,sideways,0.21741704642772602,0.658893287181854,0.12368962168693501,0.658893287181854,13890.55,0.006623207864339342,1,0,0.009212605576241817,0.0,-0.09372742474079102,0.0019713039075999954,"(0.574, 0.716]"
2020-12-29,11462.6,0.071982343424141,1.061228134840651,sideways,sideways,0.313075512647628,0.577444553375244,0.109479933977127,0.577444553375244,13935.05,-0.008431975486273835,1,0,0.0032036168474249838,0.0,-0.203595578670501,-0.00030026675696535535,"(0.574, 0.716]"
2020-12-30,11505.0,0.075555306259815,1.076551760285048,bear,sideways,0.527618169784545,0.17972163856029502,0.292660146951675,0.527618169784545,13977.45,-0.01919878089351068,1,-1,0.0030426873244087105,0.0,-0.23495802283286998,-0.0006194776865263898,"(0.344, 0.574]"
2020-12-31,11507.5,0.062729434580841,1.105035754472013,bull,bull,0.16559141874313302,0.159246310591697,0.675162255764007,0.675162255764007,13981.75,0.02642730702522922,2,1,0.0003076383746676292,-0.0003076383746676292,0.509570837020874,-7.228210425942383e-05,"(0.574, 0.716]"
2021-01-01,11572.65,0.066480820182006,1.087832457647363,bull,bull,0.15645146369934002,0.09796562790870601,0.74558287858963,0.74558287858963,14053.85,0.04569210572191951,2,1,0.005156722155667204,0.005156722155667204,0.58913141489029,0.002627715225147423,"(0.716, 0.808]"
2021-01-04,11698.8,0.073688268064134,1.0896783691834,bull,bull,0.12697914242744401,0.06435444951057401,0.8086664080619811,0.8086664080619811,14165.3,0.04625740365541153,2,1,0.007930211294413958,0.007930211294413958,0.6816872656345371,0.004671936600257053,"(0.808, 0.898]"
2021-01-05,11767.65,0.07128128797913401,1.11305620030177,bull,bull,0.163538679480552,0.07575902342796301,0.760702311992645,0.760702311992645,14217.95,0.04764399931073049,2,1,0.0037168291529301456,0.0037168291529301456,0.597163632512093,0.0025337151020916834,"(0.716, 0.808]"
2021-01-06,11730.2,0.05972481954269,1.108722479321232,bull,bull,0.16466252505779203,0.06868936121463701,0.766648113727569,0.766648113727569,14189.45,0.05223599223366637,2,1,-0.002004508385526793,-0.002004508385526793,0.601985588669777,-0.0011970195089021308,"(0.716, 0.808]"
2021-01-07,11772.8,0.061827496324623005,1.114509614588312,bull,bull,0.184473112225532,0.085252180695533,0.7302747368812561,0.7302747368812561,14191.1,0.06591455207841523,2,1,0.00011628357688286961,0.00011628357688286961,0.5458016246557241,7.000103748246153e-05,"(0.716, 0.808]"
2021-01-08,11922.05,0.065881995324157,1.114333823994645,bull,bull,0.16566351056098902,0.07129302620887701,0.763043522834777,0.763043522834777,14370.9,0.05113458447278885,2,1,0.01266991283269081,0.01266991283269081,0.597380012273788,0.006915259008329052,"(0.716, 0.808]"
2021-01-11,12003.75,0.07714913854989201,1.120707198604193,bull,bull,0.0562294870615,0.025863984599709,0.917906522750854,0.917906522750854,14489.25,0.043501216419069344,2,1,0.00823539235538484,0.00823539235538484,0.861677035689354,0.004919658786339256,"(0.898, 0.988]"
2021-01-12,12064.55,0.080525191550721,1.110198334336691,bull,bull,0.045125752687454,0.021013000980019,0.9338613152503961,0.9338613152503961,14599.9,0.040072192275289575,2,1,0.007636696171299473,0.007636696171299473,0.8887355625629421,0.00658036571934557,"(0.898, 0.988]"
2021-01-13,12035.2,0.073339962632158,1.1122658536216221,bull,bull,0.05495801195502201,0.028874592855572003,0.916167378425598,0.916167378425598,14606.15,0.03801823204609023,2,1,0.00042808512387071396,0.00042808512387071396,0.861209366470576,0.0003804544733880657,"(0.898, 0.988]"
2021-01-14,12070.65,0.07562377472821201,1.120779261312722,bull,bull,0.039289101958274,0.024289149791002003,0.9364216923713681,0.9364216923713681,14628.1,0.04813338711110804,2,1,0.0015027916322918333,0.0015027916322918333,0.8971325904130941,0.0012942182295833326,"(0.898, 0.988]"
2021-01-15,11931.75,0.054791614177926,1.119008646650624,bull,bull,0.092161320149898,0.046129051595926,0.861709654331207,0.861709654331207,14458.5,0.06029325310371059,2,1,-0.01159412363875012,-0.01159412363875012,0.7695483341813091,-0.010401466173601584,"(0.808, 0.898]"
2021-01-18,11736.6,0.034727181358935,1.219281437412894,bull,bull,0.148398712277412,0.059411954134702,0.7921893000602721,0.7921893000602721,14287.25,0.06437907924898068,2,1,-0.011844243870387627,-0.011844243870387627,0.6437905877828601,-0.009114718140093979,"(0.716, 0.808]"
2021-01-19,11987.1,0.05697028480733601,1.258885610804717,bull,bull,0.16417086124420102,0.11791348457336401,0.7179157137870781,0.7179157137870781,14570.0,0.03748112560054917,2,1,0.019790372534952416,0.019790372534952416,0.5537448525428771,0.012740855566718787,"(0.716, 0.808]"
2021-01-20,12065.5,0.103979284662049,1.3029861626131511,bull,bull,0.094678692519664,0.17557813227176602,0.7297431826591491,0.7297431826591491,14645.15,0.02334219861182718,2,1,0.005157858613589639,0.005157858613589639,0.6350644901394851,0.0028561376574192028,"(0.716, 0.808]"
2021-01-21,12048.45,0.08767028066406,0.8981002839551531,sideways,sideways,0.251349359750747,0.438992381095886,0.30965822935104304,0.438992381095886,14598.65,0.005068961856061982,1,0,-0.0031751125799326374,-0.0031751125799326374,0.05830886960029602,-0.0020164012517103853,"(0.344, 0.574]"
2021-01-22,11854.5,0.055483089744331006,0.8806854794113421,bull,bull,0.270303308963775,0.070755362510681,0.6589413285255431,0.6589413285255431,14380.15,0.02304565668647407,2,1,-0.014967137372291273,-0.0,0.3886380195617681,-0.000872716861330649,"(0.574, 0.716]"
2021-01-25,11748.2,0.037826855123674,0.9299505712812671,bull,bull,0.448856025934219,0.039720721542835,0.5114232897758481,0.5114232897758481,14253.15,0.0519604438317145,2,1,-0.00883161858534165,-0.00883161858534165,0.06256726384162903,-0.0034323027565320826,"(0.344, 0.574]"
2021-01-27,11545.0,0.009204786838815001,0.943766951143966,bull,bull,0.236749529838562,0.035001166164875,0.7282493114471431,0.7282493114471431,13982.55,0.07972794661917892,2,1,-0.018985276938781936,-0.018985276938781936,0.4914997816085811,-0.0011878568313351645,"(0.716, 0.808]"
2021-01-28,11446.65,-0.001391481862753,0.9960028754183601,bull,bull,0.19387300312519,0.032392788678407,0.773734211921691,0.773734211921691,13817.55,0.05506764947476217,2,1,-0.01180042266968473,-0.01180042266968473,0.5798612087965009,-0.005799905165038994,"(0.716, 0.808]"
2021-01-29,11323.8,-0.015749674054758002,1.007900147451074,bull,bull,0.23371759057044902,0.061207726597785006,0.705074667930603,0.705074667930603,13709.1,0.07941075635891481,2,1,-0.00784871413528443,-0.00784871413528443,0.471357077360154,-0.004551164865984213,"(0.574, 0.716]"
2021-02-01,11806.45,0.025978709537258,1.032768939417905,sideways,bull,0.411663472652435,0.142987743020057,0.44534870982170105,0.44534870982170105,14351.25,0.04228899921609619,2,0,0.04684114930958261,0.04684114930958261,0.033685237169266025,0.02207890723875545,"(0.344, 0.574]"
2021-02-02,12070.2,0.042993609933766004,1.2479791308169301,sideways,bull,0.136021092534065,0.42545595765113803,0.43852293491363503,0.43852293491363503,14696.0,0.041021366358192646,2,0,0.02402229770925879,0.0,0.30250184237957,0.0008091967956870982,"(0.344, 0.574]"
2021-02-03,12172.1,0.04045714090334,1.283209955103535,sideways,sideways,0.11791408061981201,0.8221309185028071,0.059954952448606005,0.8221309185028071,14820.55,0.019277287280161648,1,0,0.008475095264017352,0.0,-0.057959128171206006,0.002563731931707617,"(0.808, 0.898]"
2021-02-04,12284.65,0.043934005515119,1.277133463738421,sideways,sideways,0.13966602087020802,0.785579860210418,0.07475409656763,0.785579860210418,14895.35,0.00387369212539479,1,0,0.005047046162254487,0.0,-0.06491192430257801,-0.0002925223954041012,"(0.716, 0.808]"
2021-02-05,12291.15,0.047821009019453006,1.284600058004454,sideways,sideways,0.14668431878089902,0.7842994332313531,0.06901627779006901,0.7842994332313531,14930.65,0.0025685418920140535,1,0,0.00236986710617737,0.0,-0.07766804099083001,-0.00015383263420335507,"(0.716, 0.808]"
2021-02-08,12449.35,0.05746721255776,1.280452112427439,sideways,sideways,0.186838969588279,0.705679953098297,0.1074810475111,0.705679953098297,15126.5,0.0005454004561531445,1,0,0.0131173123742101,0.0,-0.079357922077179,-0.0010187959551696717,"(0.574, 0.716]"
2021-02-09,12439.3,0.043385994858266004,1.308116537181381,sideways,sideways,0.057676937431097,0.847094655036926,0.09522841870784701,0.847094655036926,15105.75,0.006855005544246451,1,0,-0.0013717647836578584,-0.0,0.03755148127675001,0.00010886040280973863,"(0.808, 0.898]"
2021-02-10,12473.05,0.039096115797146,1.295110208537273,sideways,sideways,0.13698670268058702,0.761401176452636,0.10161212086677501,0.761401176452636,15119.55,-0.004507409281360841,1,0,0.0009135594061864261,0.0,-0.035374581813812006,3.430550893660844e-05,"(0.716, 0.808]"
2021-02-11,12517.75,0.037564600420239,1.303390002348731,sideways,sideways,0.13964727520942602,0.734764873981475,0.125587880611419,0.734764873981475,15184.95,-0.014237781487591361,1,0,0.004325525561276633,0.0,-0.014059394598007008,-0.00015301365785511535,"(0.716, 0.808]"
2021-02-12,12507.85,0.039272301249667005,1.305338685815014,sideways,sideways,0.29593083262443504,0.553375482559204,0.15069368481636,0.553375482559204,15161.45,-0.013306774747797845,1,0,-0.001547584944303404,-0.0,-0.14523714780807503,2.1758107405896254e-05,"(0.344, 0.574]"
2021-02-15,12642.45,0.047371102633246,1.3048290727835,bear,bear,0.816682577133178,0.106727562844753,0.07658984512090601,0.816682577133178,15332.2,-0.03658313875373409,0,-1,0.011262115430912045,0.0,-0.740092732012272,-0.0016356775234709754,"(0.808, 0.898]"
2021-02-16,12650.9,0.06027196345883801,1.313024487833444,bear,bear,0.855523586273193,0.073642648756504,0.070833764970302,0.855523586273193,15330.25,-0.04913161885813999,0,-1,-0.00012718331354932833,0.00012718331354932833,-0.784689821302891,9.412744599109581e-05,"(0.808, 0.898]"
2021-02-17,12588.85,0.07261472658180401,1.283025033709703,bear,bear,0.836802423000335,0.055339589715003,0.10785794258117601,0.836802423000335,15207.05,-0.029630993519453086,0,-1,-0.008036398623636365,0.008036398623636365,-0.728944480419159,0.006306080199900019,"(0.808, 0.898]"
2021-02-18,12562.85,0.048030799776426006,1.237083199829688,bear,bear,0.7822487354278561,0.09969548881053901,0.118055798113346,0.7822487354278561,15116.1,-0.024774908871997403,0,-1,-0.005980778652006746,0.005980778652006746,-0.6641929373145101,0.004359655586989056,"(0.716, 0.808]"
2021-02-19,12456.0,0.032365007666487006,1.184413331503283,sideways,sideways,0.429842591285705,0.47119858860969505,0.09895882010459901,0.47119858860969505,14987.0,-0.010282244611997116,1,0,-0.008540562711281341,0.008540562711281341,-0.330883771181106,0.00567258143352473,"(0.344, 0.574]"
2021-02-22,12186.55,0.011462055285119,1.204369766567492,sideways,sideways,0.34458136558532704,0.547901213169097,0.10751740634441301,0.547901213169097,14672.65,-0.00799787359474946,1,0,-0.020974844865550124,-0.0,-0.23706395924091403,0.006940235769051883,"(0.344, 0.574]"
2021-02-23,12270.95,0.035130119363954,1.240938740054122,bear,bear,0.83839213848114,0.07874793559312801,0.08285988867282801,0.83839213848114,14711.55,-0.026282070889878995,0,-1,0.0026511911617874695,0.0,-0.755532249808312,-0.0006285018735178562,"(0.808, 0.898]"
2021-02-24,12328.2,0.049369265078905,1.201123374090972,sideways,bear,0.44413387775421104,0.384520918130874,0.17134523391723602,0.44413387775421104,14993.75,-0.025694039182992956,0,0,0.01918220717735397,-0.01918220717735397,-0.272788643836975,-0.014492776144995397,"(0.344, 0.574]"
2021-02-25,12576.1,0.089311390212213,1.188046936440595,sideways,sideways,0.11429022252559601,0.823360860347747,0.062348876148462004,0.823360860347747,15097.35,-0.01217432198365942,1,0,0.006909545644018467,0.0,-0.051941346377134004,-0.0018848455857614754,"(0.808, 0.898]"
2021-02-26,12171.05,0.06328489121271201,1.168537503399085,sideways,sideways,0.30503305792808505,0.5956150889396661,0.09935188293457001,0.5956150889396661,14578.45,0.01192513607413681,1,0,-0.03437027027922113,-0.0,-0.20568117499351504,0.0017852381136487388,"(0.574, 0.716]"
2021-03-01,12386.15,0.093815680248679,1.253026136879055,sideways,sideways,0.154738724231719,0.7349448204040521,0.110316425561904,0.7349448204040521,14797.75,0.010515112094744206,1,0,0.015042751458488324,0.0,-0.044422298669814994,-0.0030940107951172905,"(0.716, 0.808]"
2021-03-02,12537.75,0.061940718844360004,1.23547884407411,sideways,sideways,0.12344356626272202,0.793811738491058,0.08274465054273601,0.793811738491058,14958.15,-0.01736177267910799,1,0,0.010839485732628162,0.0,-0.040698915719986004,-0.0004815148726420066,"(0.716, 0.808]"
2021-03-03,12761.95,0.05731056651919501,1.031415553438389,bear,bear,0.721107721328735,0.20591822266578602,0.072974078357219,0.721107721328735,15298.85,-0.03578046715929628,0,-1,0.022776880830851498,0.0,-0.648133642971516,-0.0009269943532989899,"(0.716, 0.808]"
2021-03-04,12692.2,0.042728863548607006,0.9947724829540501,sideways,sideways,0.48371326923370306,0.425157755613327,0.09112901985645201,0.48371326923370306,15106.25,-0.014447662391394278,1,0,-0.01258918153978894,0.01258918153978894,-0.39258424937725106,0.008159472093413165,"(0.344, 0.574]"
2021-03-05,12560.15,0.022426361353396002,0.9955294526816161,bear,sideways,0.508644461631774,0.36556506156921303,0.125790521502494,0.508644461631774,14953.05,-0.0019159970708316765,1,-1,-0.010141497724451831,-0.0,-0.38285394012928,0.003981392271715022,"(0.344, 0.574]"
2021-03-08,12564.65,0.022251782786801,1.002133527773443,bear,sideways,0.524225771427154,0.361122190952301,0.114652007818222,0.524225771427154,14969.0,-0.0053176564900795364,1,-1,0.0010666720167458177,-0.0010666720167458177,-0.409573763608932,-0.00040837958443678163,"(0.344, 0.574]"
2021-03-09,12618.2,0.013562957102178001,1.003578637808361,bear,bear,0.776224732398986,0.16953769326210003,0.054237581789493006,0.776224732398986,15134.75,-0.052296866482763216,0,-1,0.011072883960184354,-0.011072883960184354,-0.721987150609493,-0.004535162757577682,"(0.716, 0.808]"
2021-03-10,12686.0,0.019832305676364,0.9829949155940471,bear,bear,0.7699898481369011,0.17199721932411102,0.058012910187244006,0.7699898481369011,15209.3,-0.04393035839913739,0,-1,0.00492575034275422,-0.00492575034275422,-0.7119769379496571,-0.0035563284545788534,"(0.716, 0.808]"
2021-03-12,12588.75,0.009275999053960001,0.987476499712827,bear,bear,0.764075577259063,0.17312212288379603,0.06280224025249401,0.764075577259063,15051.4,-0.03052207768048154,0,-1,-0.010381805868777683,0.010381805868777683,-0.701273337006569,0.007391606352840114,"(0.716, 0.808]"
2021-03-15,12505.25,-0.00099858201354,0.9947812834246691,bear,bear,0.8925819396972651,0.07203303277492501,0.035385012626647006,0.8925819396972651,14968.75,-0.021581628392484342,0,-1,-0.005491183544387823,0.005491183544387823,-0.8571969270706181,0.003850820608288408,"(0.808, 0.898]"
2021-03-16,12520.5,0.001011364862866,0.9966849059154651,bear,bear,0.886135697364807,0.080646030604839,0.033218301832675004,0.886135697364807,14959.7,-0.03914182771044883,0,-1,-0.0006045929018788643,0.0006045929018788643,-0.852917395532132,0.0005182551776192702,"(0.808, 0.898]"
2021-03-17,12307.6,-0.026486163678717003,0.9970366148658201,bear,bear,0.868412554264068,0.07376382499933201,0.057823672890663,0.868412554264068,14771.3,-0.03216372289507341,0,-1,-0.01259383543787651,0.01259383543787651,-0.810588881373405,0.0107415013214339,"(0.808, 0.898]"
2021-03-18,12194.5,-0.036076484676979,1.001169110344516,sideways,sideways,0.44183915853500305,0.308132767677307,0.25002807378768904,0.44183915853500305,14577.05,-0.01189884098634486,1,0,-0.01315050130997275,0.01315050130997275,-0.191811084747314,0.01065965014635031,"(0.344, 0.574]"
2021-03-19,12309.6,-0.022182328012487002,1.0059421458217,bear,bear,0.706559538841247,0.16467928886413502,0.128761187195777,0.706559538841247,14756.45,-0.02831643111995097,0,-1,0.01230701685183222,0.0,-0.57779835164547,-0.0023606222523534118,"(0.574, 0.716]"
2021-03-22,12344.05,-0.017416430189009003,1.017621036027649,sideways,sideways,0.46059107780456504,0.387475997209548,0.151932924985885,0.46059107780456504,14741.6,-0.017325120746730316,1,0,-0.0010063396006492198,0.0010063396006492198,-0.30865815281868003,0.0005814613624506797,"(0.344, 0.574]"
2021-03-23,12412.5,-0.003492292870905,1.01935267950945,sideways,sideways,0.44397845864295904,0.331314980983734,0.22470654547214503,0.44397845864295904,14832.9,-0.012688011110436825,1,0,0.006193357573126335,0.0,-0.21927191317081401,-0.0019116303082667575,"(0.344, 0.574]"
2021-03-24,12207.45,0.0017150054773500002,1.09386009685991,sideways,bull,0.31183287501335105,0.515505015850067,0.17266209423542,0.515505015850067,14555.3,0.020611048896278295,2,0,-0.018715153476393742,-0.0,-0.13917078077793105,0.004103707508054267,"(0.344, 0.574]"
2021-03-25,12009.35,-0.021318642810866,1.051561739226465,bull,bull,0.22711455821990903,0.129767000675201,0.643118441104888,0.643118441104888,14324.9,0.039790853688332906,2,1,-0.015829285552341754,-0.0,0.416003882884979,0.0022029740294762256,"(0.574, 0.716]"
2021-03-26,12158.0,-0.013805746175435,1.073063662798079,sideways,sideways,0.21753495931625302,0.605620682239532,0.176844403147697,0.605620682239532,14608.5,0.005633706403805894,1,0,0.01979769492282668,0.01979769492282668,-0.04069055616855602,0.008235917960068135,"(0.574, 0.716]"
2021-03-30,12395.05,-0.014396354990816,1.089737210279579,sideways,sideways,0.20935493707656802,0.6288487911224361,0.161796256899833,0.6288487911224361,14913.55,-0.015271347197682639,1,0,0.020881678474860443,0.0,-0.04755868017673501,-0.000849687110875036,"(0.574, 0.716]"
2021-03-31,12311.45,0.011535570061744,1.072059485321415,sideways,sideways,0.271739274263381,0.559531211853027,0.16872951388359,0.559531211853027,14752.3,-0.013760566149007225,1,0,-0.010812314975307658,-0.0,-0.10300976037979101,0.0005142194298807793,"(0.344, 0.574]"
2021-04-01,12476.2,0.007270217137690001,0.9128274347803501,sideways,sideways,0.30259448289871205,0.29310908913612305,0.404296398162841,0.404296398162841,14953.35,-0.018340371889911,1,0,0.013628383370728692,0.0,0.10170191526412897,-0.001403856505382691,"(0.344, 0.574]"
2021-04-05,12306.9,-0.018412394568403,0.8841915886735181,sideways,sideways,0.33888950943946805,0.36411634087562506,0.296994119882583,0.36411634087562506,14698.45,0.004864458497324531,1,0,-0.017046347473977375,-0.0,-0.04189538955688504,-0.001733646186361346,"(0.344, 0.574]"
2021-04-06,12370.95,-0.030637951096815004,0.8785054922527961,sideways,sideways,0.34840691089630105,0.24890086054801902,0.40269222855567904,0.40269222855567904,14751.45,0.008005992631232806,1,0,0.0036058223826320734,0.0,0.054285317659377996,-0.0001510673333933061,"(0.344, 0.574]"
2021-04-07,12473.25,-0.017250752430626,0.822040729193745,sideways,sideways,0.22423006594181003,0.386012405157089,0.389757484197616,0.389757484197616,14888.0,0.0064918054809242065,1,0,0.0092567171362814,0.0,0.165527418255806,0.0005025038302260436,"(0.344, 0.574]"
2021-04-08,12544.6,-0.0012380425393,0.836347066788748,sideways,sideways,0.272448629140853,0.36898681521415705,0.358564555644989,0.36898681521415705,14924.4,-0.003092251614805308,1,0,0.002444922084900547,0.0,0.08611592650413602,0.0004047016405501901,"(0.344, 0.574]"
2021-04-09,12529.05,-0.002833345934825,0.824992544563502,sideways,sideways,0.32002407312393105,0.268689960241317,0.41128602623939503,0.41128602623939503,14889.4,-0.012045482020766496,1,0,-0.0023451529039693053,-0.0,0.09126195311546398,-0.00020195501511918187,"(0.344, 0.574]"
2021-04-12,12055.7,-0.044578466025265,0.8257596081413041,sideways,bull,0.278824895620346,0.35593092441558805,0.36524423956871005,0.36524423956871005,14343.25,0.025914628832377717,2,0,-0.036680457238035036,-0.0,0.08641934394836404,-0.003347530168711335,"(0.344, 0.574]"
2021-04-13,12197.85,-0.038479426139050005,0.9693652396942011,sideways,bull,0.27384173870086603,0.2389697432518,0.48718848824501004,0.48718848824501004,14541.15,0.02826117604178502,2,0,0.013797430847262593,0.0,0.213346749544144,0.0011923649219933539,"(0.344, 0.574]"
2021-04-15,12239.45,-0.027746996326084003,0.9883751280461841,sideways,bull,0.30595308542251504,0.24734425544738703,0.44670265913009605,0.44670265913009605,14592.0,0.037887198464912286,2,0,0.0034969723852653622,0.0,0.140749573707581,0.0007460676916419971,"(0.344, 0.574]"
2021-04-16,12276.75,-0.018272325623238002,0.9879680279958131,sideways,bull,0.31468260288238503,0.268719106912612,0.41659829020500105,0.41659829020500105,14645.7,0.02825061280785479,2,0,0.0036800986842104866,0.0,0.10191568732261602,0.0005179723210044558,"(0.344, 0.574]"
2021-04-19,12076.75,-0.035441875324467,0.9866110445944841,bull,bull,0.189037457108497,0.15329636633396101,0.6576661467552181,0.6576661467552181,14374.15,0.03889621299346402,2,1,-0.018541278327427246,-0.0,0.46862868964672105,-0.0018896471245796723,"(0.574, 0.716]"
2021-04-20,12043.25,-0.021478598589489,1.00413498419308,bull,bull,0.21107976138591703,0.135418981313705,0.6535012722015381,0.6535012722015381,14296.2,0.06365327849358571,2,1,-0.00542292935582267,-0.00542292935582267,0.4424215108156211,-0.002541340278065915,"(0.574, 0.716]"
2021-04-22,12126.5,-0.0055762843905030005,0.9721450470639791,bull,bull,0.38750556111335704,0.09672099351882901,0.515773475170135,0.515773475170135,14403.6,0.0554757144047322,2,1,0.007512485835396765,0.007512485835396765,0.128267914056778,0.00332368533327719,"(0.344, 0.574]"
2021-04-23,12099.35,-0.017080165074413,0.9735419094986101,bull,bull,0.414878904819488,0.044728059321641006,0.540393054485321,0.540393054485321,14338.6,0.0613309528126873,2,1,-0.004512760698714202,-0.004512760698714202,0.12551414966583302,-0.0005788424014614787,"(0.344, 0.574]"
2021-04-26,12220.8,-0.009984567463676,0.9724866815523061,sideways,bull,0.478440225124359,0.053788863122463004,0.46777093410491905,0.478440225124359,14486.2,0.056384697160055675,2,0,0.010293892011772554,0.010293892011772554,-0.010669291019439975,0.0012920291026095434,"(0.344, 0.574]"
2021-04-27,12367.35,-0.0036374622356490005,1.001656961487362,bull,bull,0.43065041303634605,0.066827617585659,0.502521991729736,0.502521991729736,14644.7,0.04733111637657306,2,1,0.010941447722660147,0.0,0.07187157869338995,-0.00011673748992704987,"(0.344, 0.574]"
2021-04-28,12506.0,0.024456377048441003,1.013006824415616,bull,bull,0.312289923429489,0.06167101860046301,0.626039028167724,0.626039028167724,14855.3,0.04096517741142902,2,1,0.014380629169597148,0.014380629169597148,0.31374910473823503,0.0010335585210231603,"(0.574, 0.716]"
2021-04-29,12528.9,0.04326212492766,0.983745292211986,bull,bull,0.182674437761306,0.06143606454133901,0.755889534950256,0.755889534950256,14894.9,0.04621044787141915,2,1,0.0026657152666051953,0.0026657152666051953,0.57321509718895,0.0008363657783844255,"(0.716, 0.808]"
2021-04-30,12355.3,0.016227998025990002,0.951082545799338,bull,bull,0.262430161237716,0.050912722945213006,0.6866571307182311,0.6866571307182311,14690.8,0.06312454052876637,2,1,-0.013702676755130927,-0.013702676755130927,0.4242269694805151,-0.007854581187941141,"(0.574, 0.716]"
2021-05-03,12405.2,0.0008188752768240001,0.9624873668814331,bull,bull,0.23460249602794603,0.055763632059097006,0.7096338272094721,0.7096338272094721,14685.8,0.06339116697762459,2,1,-0.0003403490619979799,-0.0003403490619979799,0.4750313311815261,-0.00014438525113693896,"(0.574, 0.716]"
2021-05-04,12312.1,5.2796380604958067e-05,0.9254376961889821,bull,bull,0.360136419534683,0.042066119611263005,0.597797453403472,0.597797453403472,14549.3,0.07994199033630478,2,1,-0.009294692832532148,-0.009294692832532148,0.237661033868789,-0.004415270309161135,"(0.574, 0.716]"
2021-05-05,12426.15,-0.0040116381590540005,0.9279297306328361,bull,bull,0.212289780378341,0.042707663029432005,0.745002567768096,0.745002567768096,14679.1,0.0696057660210776,2,1,0.008921391407146873,0.008921391407146873,0.532712787389755,0.002120267105370656,"(0.716, 0.808]"
2021-05-06,12507.15,0.016271359968798003,0.917276019048684,bull,bull,0.16727738082408902,0.041272159665822004,0.791450440883636,0.791450440883636,14769.95,0.06871384127908353,2,1,0.006189071537083368,0.006189071537083368,0.624173060059547,0.0032969975498742766,"(0.716, 0.808]"
2021-05-07,12552.55,0.014679551691664001,0.9739506567347861,bull,bull,0.14694580435752802,0.07324155420064901,0.779812633991241,0.779812633991241,14869.55,0.06046248877740079,2,1,0.006743421609416211,0.006743421609416211,0.632866829633713,0.004209062101220992,"(0.716, 0.808]"
2021-05-10,12678.5,0.016455214158298002,0.997962134818645,bull,bull,0.17439918220043102,0.065185517072677,0.7604153156280511,0.7604153156280511,14984.65,0.04508613814803808,2,1,0.007740651196572967,0.007740651196572967,0.58601613342762,0.004898801382075541,"(0.716, 0.808]"
2021-05-11,12637.25,0.0073856480079070004,1.00160792979099,bull,bull,0.21760143339633903,0.08845636993646601,0.6939421892166131,0.6939421892166131,14878.25,0.05867625560801848,2,1,-0.007100599613604541,-0.007100599613604541,0.4763407558202741,-0.004161065930582186,"(0.574, 0.716]"
2021-05-12,12541.8,0.0010176350162220001,1.003240233280514,bull,bull,0.14455448091030101,0.05291887000203101,0.8025266528129571,0.8025266528129571,14710.05,0.0752716680092862,2,1,-0.011305093004889688,-0.011305093004889688,0.6579721719026561,-0.005385076546567648,"(0.716, 0.808]"
2021-05-14,12474.85,0.034767786192423,1.009862257839708,bull,bull,0.250036209821701,0.059474449604749006,0.69048935174942,0.69048935174942,14714.95,0.07595676505866478,2,1,0.0003331055978736952,0.0003331055978736952,0.44045314192771906,0.00021917421370588801,"(0.574, 0.716]"
2021-05-17,12675.7,0.03917493656669,0.712982733072633,bear,bull,0.542784929275512,0.17092373967170701,0.28629133105278004,0.542784929275512,14952.1,0.06199129219306987,2,-1,0.0161162627124114,0.0161162627124114,-0.256493598222732,0.007098458547814145,"(0.344, 0.574]"
2021-05-18,12844.5,0.04943441085996501,0.7282204114798111,sideways,bull,0.41146481037139804,0.179510504007339,0.40902471542358404,0.41146481037139804,15144.85,0.04261184495059389,2,0,0.012891165789420844,-0.012891165789420844,-0.0024400949478139977,-0.0033065014986143376,"(0.344, 0.574]"
2021-05-19,12801.35,0.042731178854338005,0.750534826357098,bull,bull,0.229239478707313,0.18443951010704002,0.5863209962844841,0.5863209962844841,15059.45,0.042013486548313494,2,1,-0.005638880543551106,-0.0,0.3570815175771711,1.3759403925645703e-05,"(0.574, 0.716]"
2021-05-20,12748.7,0.055639969362618,0.7571778375483861,bull,bull,0.34852892160415605,0.14249871671199701,0.508972346782684,0.508972346782684,14933.25,0.051124169219694426,2,1,-0.008380120123908985,-0.008380120123908985,0.16044342517852794,-0.0029923860113244116,"(0.344, 0.574]"
2021-05-21,12924.25,0.07315301102277201,0.6834803837438751,sideways,bull,0.312794953584671,0.21903125941753301,0.468173742294311,0.468173742294311,15206.2,0.035354000341965675,2,0,0.018278003783503305,0.018278003783503305,0.15537878870964,0.002932585532451363,"(0.344, 0.574]"
2021-05-24,12956.3,0.06842864800230801,0.701040896992092,bull,bull,0.237241938710212,0.13624860346317202,0.6265094280242921,0.6265094280242921,15202.65,0.037532930114157814,2,1,-0.00023345740553204486,-0.0,0.38926748931408006,-3.627432888686434e-05,"(0.574, 0.716]"
2021-05-25,12972.0,0.07212370912487001,0.6978509530775101,bull,bull,0.24881270527839602,0.12997156381607,0.621215760707855,0.621215760707855,15218.0,0.03140360099881723,2,1,0.0010096923891558252,0.0010096923891558252,0.37240305542945895,0.00039304042130622314,"(0.574, 0.716]"
2021-05-26,13023.15,0.065654457973291,0.6925668572710081,bull,bull,0.19689278304576802,0.11284122616052601,0.690266013145446,0.690266013145446,15303.0,0.031853231392537484,2,1,0.005585490866079734,0.005585490866079734,0.493373230099678,0.002080053864601428,"(0.574, 0.716]"
2021-05-27,13085.85,0.058096520273138004,0.680930075026535,bull,bull,0.13174031674861902,0.071138188242912,0.797121465206146,0.797121465206146,15337.85,0.03586878213048106,2,1,0.002277331242240166,0.002277331242240166,0.6653811484575269,0.0011235742709909428,"(0.716, 0.808]"
2021-05-28,13130.7,0.049952023028946003,0.663392204963133,bull,bull,0.27294424176216103,0.09993413090705801,0.627121567726135,0.627121567726135,15463.85,0.025291243771764504,2,1,0.008214971459493903,0.008214971459493903,0.354177325963974,0.005466087144263859,"(0.574, 0.716]"
2021-05-31,13224.1,0.055487712408910005,0.6634536878277061,sideways,sideways,0.389835268259048,0.285525172948837,0.32463961839675903,0.389835268259048,15583.2,0.012988346424354313,1,0,0.007718000368601707,0.007718000368601707,-0.06519564986228898,0.002733540732340318,"(0.344, 0.574]"
2021-06-01,13208.65,0.069067525677239,0.6691508337293051,sideways,sideways,0.288501560688018,0.456818372011184,0.254680097103118,0.456818372011184,15618.15,0.008579761367383476,1,0,0.002242799938395157,0.0,-0.03382146358490001,-0.00014622079949477395,"(0.344, 0.574]"
2021-06-02,13283.8,0.07082513784541901,0.5926974494899291,sideways,sideways,0.122773900628089,0.7712020277976991,0.10602410137653301,0.7712020277976991,15616.75,0.0060095730545728365,1,0,-8.963929786820479e-05,-0.0,-0.016749799251555994,3.031732248625494e-06,"(0.716, 0.808]"
2021-06-03,13379.15,0.08666677496121601,0.6071456831078991,sideways,sideways,0.043299466371536005,0.7618217468261711,0.19487877190113,0.7618217468261711,15712.4,0.001855222626715225,1,0,0.006124833912305672,0.0,0.151579305529594,-0.0001025897384802423,"(0.716, 0.808]"
2021-06-04,13394.15,0.07790023458593301,0.6149811581131821,sideways,sideways,0.060673236846923,0.889359235763549,0.049967523664236006,0.889359235763549,15700.85,0.010015381332857842,1,0,-0.0007350882105852108,-0.0,-0.010705713182686996,-0.0001114241604634982,"(0.808, 0.898]"
2021-06-07,13476.45,0.077499670188652,0.61889489343512,sideways,sideways,0.052224628627300006,0.884856462478637,0.062918916344642,0.884856462478637,15784.85,0.0033323091445278674,1,0,0.005350028820095831,0.0,0.010694287717341995,-5.7275874067055296e-05,"(0.808, 0.898]"
2021-06-08,13498.0,0.0753193574214,0.622785889133874,sideways,sideways,0.049600530415773,0.8820858001708981,0.06831367313861801,0.8820858001708981,15768.6,0.007470542724147933,1,0,-0.0010294681292505325,-0.0,0.018713142722845008,-1.1009428370039011e-05,"(0.808, 0.898]"
2021-06-09,13404.95,0.057297787593169,0.6384184409250441,sideways,sideways,0.19020381569862302,0.764070451259613,0.04572569951415,0.764070451259613,15660.25,0.004798773965932757,1,0,-0.006871250459774547,-0.0,-0.144478116184473,-0.0001285826905381755,"(0.716, 0.808]"
2021-06-10,13521.35,0.069959840946408,0.656662260983356,sideways,sideways,0.07428061962127601,0.8779532313346861,0.047766160219907004,0.8779532313346861,15751.25,-0.0018284263153717228,1,0,0.005810890630737031,0.0,-0.026514459401369005,-0.0008395465316828905,"(0.808, 0.898]"
2021-06-11,13569.45,0.081937999330239,0.658423818799524,sideways,sideways,0.054817676544189,0.8921374678611751,0.053044818341732004,0.8921374678611751,15817.3,-0.0066604287710291254,1,0,0.004193317990635714,0.0,-0.0017728582024569978,-0.0001111835596197409,"(0.808, 0.898]"
2021-06-14,13555.8,0.086650340485055,0.6105255272469521,sideways,sideways,0.07783313840627601,0.8666744828224181,0.05549242347478801,0.8666744828224181,15832.65,7.263471370877461e-05,1,0,0.0009704563990062809,0.0,-0.022340714931488002,-1.7204815871051662e-06,"(0.808, 0.898]"
2021-06-15,13600.2,0.072934828056833,0.5854979021808331,sideways,sideways,0.051940452307462005,0.8984627723693841,0.049596771597862,0.8984627723693841,15879.0,-0.0006266137666099958,1,0,0.002927494765563532,0.0,-0.0023436807096000045,-6.540232602087816e-05,"(0.898, 0.988]"
2021-06-16,13496.4,0.05075324068667501,0.51689016719641,sideways,sideways,0.02345778979361,0.8603214025497431,0.11622079461812901,0.8603214025497431,15790.2,0.009315904801712405,1,0,-0.00559229170602682,-0.0,0.092763004824519,1.3106546193871156e-05,"(0.808, 0.898]"
2021-06-17,13417.7,0.048147265718068,0.5175096972675131,sideways,sideways,0.018953805789351002,0.8980997204780571,0.082946419715881,0.8980997204780571,15692.15,0.015539616942229051,1,0,-0.006209547694139506,-0.0,0.06399261392653,-0.0005760163027095438,"(0.808, 0.898]"
2021-06-18,13411.65,0.052001380532916,0.5341307035862131,sideways,sideways,0.027694139629602002,0.896891295909881,0.07541457563638601,0.896891295909881,15696.7,0.003548516567176474,1,0,0.00028995389414454564,0.0,0.04772043600678401,1.8554907604485856e-05,"(0.808, 0.898]"
2021-06-21,13457.15,0.041232566686654,0.518044987055155,sideways,sideways,0.012494511902332,0.9559103846549981,0.031595051288604,0.9559103846549981,15743.8,-0.006770919346028137,1,0,0.00300063070581702,0.0,0.019100539386272,0.00014319140557693223,"(0.898, 0.988]"
2021-06-22,13485.8,0.040868149085772,0.46281639475297703,sideways,sideways,0.013978805392980001,0.940764725208282,0.045256443321704004,0.940764725208282,15773.25,0.0027673434453900914,1,0,0.0018705776242076144,0.0,0.031277637928724004,3.5729041586256645e-05,"(0.898, 0.988]"
2021-06-23,13428.2,0.035168054270737,0.467395613603695,sideways,sideways,0.015225773677229002,0.9234186410903931,0.06135556101799001,0.9234186410903931,15695.9,0.010015354328200443,1,0,-0.004903872061876924,-0.0,0.04612978734076101,-0.00015338153480017166,"(0.898, 0.988]"
2021-06-24,13472.95,0.034538494910985006,0.489056178223909,sideways,sideways,0.014324190095067002,0.9427626729011531,0.042913138866424005,0.9427626729011531,15790.45,0.001899882523930696,1,0,0.006023866105161257,0.0,0.028588948771357002,0.0002778796624003071,"(0.898, 0.988]"
2021-06-25,13531.35,0.034044406744689004,0.487637277089134,sideways,sideways,0.020759414881467,0.9454563856124871,0.033784165978431,0.9454563856124871,15888.0,-0.009651938569989915,1,0,0.006177784673647713,0.0,0.013024751096964,0.00017661636955538889,"(0.898, 0.988]"
2021-06-28,13541.4,0.031277845050149,0.48643986780394405,sideways,sideways,0.023349437862634003,0.9432460665702821,0.033404525369405004,0.9432460665702821,15854.95,-0.009199019864458702,1,0,-0.0020801863041288726,-0.0,0.010055087506771001,-2.7093908846592023e-05,"(0.898, 0.988]"
2021-06-29,13486.75,0.019861465052442,0.49967426944778803,sideways,sideways,0.021568931639194003,0.928654968738555,0.049776110798120006,0.928654968738555,15785.6,-0.0004529444557064277,1,0,-0.004374028300309973,-0.0,0.028207179158926003,-4.398123731670961e-05,"(0.898, 0.988]"
2021-06-30,13481.2,0.020634205615259003,0.5098319258374631,sideways,sideways,0.016615962609648,0.9193295240402221,0.064054556190967,0.9193295240402221,15752.15,0.0015934332773621662,1,0,-0.002119019866207217,-0.0,0.04743859358131901,-5.977157300743037e-05,"(0.898, 0.988]"
2021-07-01,13463.9,0.013557867477679002,0.51386069522654,sideways,sideways,0.021062672138214,0.905550003051757,0.07338726520538301,0.905550003051757,15710.6,0.012628416483138727,1,0,-0.0026377351663106063,-0.0,0.05232459306716901,-0.00012513044652976175,"(0.898, 0.988]"
2021-07-02,13499.9,0.009025237029258,0.519279730192003,bull,bull,0.024448962882161,0.25907662510871804,0.71647435426712,0.71647435426712,15741.55,0.02572491273095734,2,1,0.0019700075108524118,0.0,0.692025391384959,0.00010307984134461898,"(0.716, 0.808]"
2021-07-05,13589.9,0.014614589204988001,0.49703486237590006,bull,bull,0.024215720593929003,0.21077868342399503,0.765005528926849,0.765005528926849,15858.1,0.025393962706755424,2,1,0.007403972289895311,0.007403972289895311,0.7407898083329201,0.005123736821718194,"(0.716, 0.808]"
2021-07-06,13575.75,0.007368409336286,0.5282564527269771,bull,bull,0.038845550268888,0.25505661964416504,0.706097841262817,0.706097841262817,15837.45,0.02924713258763245,2,1,-0.0013021736525813399,-0.0013021736525813399,0.667252290993929,-0.0009646369705119092,"(0.574, 0.716]"
2021-07-07,13633.5,0.010038524225811,0.522336009677807,bull,bull,0.04976689815521201,0.22144125401973702,0.728791892528533,0.728791892528533,15886.4,0.022994511028300968,2,1,0.003090775345778507,0.003090775345778507,0.6790249943733211,0.002062326930418262,"(0.716, 0.808]"
2021-07-08,13535.0,0.009701640065796002,0.531899519009442,bull,bull,0.039389263838529004,0.244233310222625,0.716377437114715,0.716377437114715,15735.4,0.033526316458431404,2,1,-0.009504985396313836,-0.009504985396313836,0.676988173276186,-0.006454122655250502,"(0.716, 0.808]"
2021-07-09,13532.5,0.000824621801817,0.5334410084175261,bull,bull,0.032106213271617,0.22002574801445002,0.747868001461029,0.747868001461029,15722.45,0.03526804028634212,2,1,-0.0008229851163618074,-0.0008229851163618074,0.715761788189412,-0.0005571511905592693,"(0.716, 0.808]"
2021-07-12,13546.8,-0.001669190718857,0.48409708340275703,bull,bull,0.017056785523891,0.091984830796718,0.8909583687782281,0.8909583687782281,15711.95,0.03636722367370049,2,1,-0.0006678348476223395,-0.0006678348476223395,0.8739015832543371,-0.0004780106647493692,"(0.808, 0.898]"
2021-07-13,13626.75,0.005233922011242001,0.47567065944750003,bull,bull,0.019955238327383003,0.091013796627521,0.8890309333801271,0.8890309333801271,15833.8,0.03314428627366772,2,1,0.007755243620301666,0.007755243620301666,0.8690756950527441,0.006777319678304723,"(0.808, 0.898]"
2021-07-14,13655.45,0.0040624402582310004,0.6308464535628711,bull,bull,0.072008848190307,0.09957863390445701,0.828412532806396,0.828412532806396,15869.05,0.04085310714882118,2,1,0.0022262501736791673,0.0022262501736791673,0.7564036846160891,0.0019347799170515146,"(0.808, 0.898]"
2021-07-15,13717.45,0.016378441658516003,0.6377185015292101,bull,bull,0.08817828446626601,0.10698844492435401,0.804833233356475,0.804833233356475,15937.3,0.039037352625601596,2,1,0.004300824561016547,0.004300824561016547,0.7166549488902091,0.0032531595448402903,"(0.716, 0.808]"
2021-07-16,13742.85,0.024232916222601,0.5884838725343821,bull,bull,0.109657131135463,0.13046021759510001,0.7598826885223381,0.7598826885223381,15936.0,0.04140624999999987,2,1,-8.156965107009029e-05,-8.156965107009029e-05,0.650225557386875,-5.845729411862775e-05,"(0.716, 0.808]"
2021-07-19,13625.1,0.015915267696368002,0.5403372015005521,bull,bull,0.028269208967685002,0.12458912283182101,0.847141683101654,0.847141683101654,15752.4,0.052049211548716334,2,1,-0.011521084337349441,-0.011521084337349441,0.818872474133969,-0.007491303484954236,"(0.808, 0.898]"
2021-07-20,13487.15,0.002229298179778,0.6612820766680501,bull,bull,0.15862642228603302,0.09471824765205301,0.7466553449630731,0.7466553449630731,15637.2,0.05093622899240269,2,1,-0.0073131713262740705,-0.0073131713262740705,0.5880289226770401,-0.005988554697711648,"(0.716, 0.808]"
2021-07-22,13675.55,0.014070355485028002,0.737351671383854,sideways,bull,0.26040834188461304,0.24716556072235102,0.49242612719535805,0.49242612719535805,15816.9,0.042824447268428045,2,0,0.011491827181336678,0.011491827181336678,0.23201778531074502,0.006757526757032133,"(0.344, 0.574]"
2021-07-23,13682.4,0.018930310838384,0.856410108212974,bull,bull,0.26264047622680603,0.11183319240808401,0.625526309013366,0.625526309013366,15853.1,0.04839116639647756,2,1,0.0022886912100348322,0.0,0.36288583278656,0.0005310170658124509,"(0.574, 0.716]"
2021-07-26,13674.0,0.014922492846778001,0.8410206134308921,bull,bull,0.277014881372451,0.075914189219474,0.6470709443092341,0.6470709443092341,15820.45,0.051319652727956466,2,1,-0.002059534097431981,-0.002059534097431981,0.37005606293678306,-0.0007473757460989206,"(0.574, 0.716]"
2021-07-27,13613.1,0.006041525790109001,0.8481986532124751,bull,bull,0.26126131415367104,0.061128329485654005,0.6776103377342221,0.6776103377342221,15734.65,0.05734159959071228,2,1,-0.005423360271041622,-0.005423360271041622,0.41634902358055104,-0.0020069473497894273,"(0.574, 0.716]"
2021-07-28,13584.4,0.0031754471472660003,0.867750807223144,bull,bull,0.203369036316871,0.056284680962562006,0.7403463125228881,0.7403463125228881,15709.1,0.06423346977229771,2,1,-0.0016238047875229977,-0.0016238047875229977,0.5369772762060171,-0.0006760695377706242,"(0.716, 0.808]"
2021-07-29,13648.65,0.012004374664022,0.8871872318133591,bull,bull,0.36007305979728704,0.07647090405225701,0.563456058502197,0.563456058502197,15778.45,0.07376833592653265,2,1,0.004414638648936098,0.004414638648936098,0.20338299870491,0.002370560637139517,"(0.344, 0.574]"
2021-07-30,13673.6,0.014271726552532001,0.8846843860347761,bull,bull,0.404770731925964,0.070497632026672,0.5247316360473631,0.5247316360473631,15777.25,0.08524933052338013,2,1,-7.60530977378382e-05,-7.60530977378382e-05,0.11996090412139904,-1.546790707871914e-05,"(0.344, 0.574]"
2021-08-02,13787.0,0.023997504437792003,0.934058229920339,bull,bull,0.345486193895339,0.130786553025245,0.5237272381782531,0.5237272381782531,15909.0,0.07467156955182608,2,1,0.008350631447178625,0.008350631447178625,0.17824104428291404,0.0010017492983881346,"(0.344, 0.574]"
2021-08-03,13937.6,0.032422462388610004,0.9629299832350681,bull,bull,0.160093814134597,0.090500891208648,0.749405264854431,0.749405264854431,16146.5,0.0681726689994735,2,1,0.0149286567351814,0.0149286567351814,0.589311450719834,0.0026608993662198908,"(0.716, 0.808]"
2021-08-04,13964.2,0.027542513189942,1.028609022770971,bull,bull,0.199085265398025,0.07104780524969101,0.7298669219017021,0.7298669219017021,16260.8,0.06571324904063758,2,1,0.007078933515003216,0.007078933515003216,0.5307816565036771,0.004171696579275799,"(0.716, 0.808]"
2021-08-05,13975.3,0.029431154816492004,1.022696311014379,bull,bull,0.18443936109542802,0.05512598156929,0.7604346871376031,0.7604346871376031,16300.65,0.06772736056537632,2,1,0.002450678933385797,0.002450678933385797,0.5759953260421751,0.001300775423821178,"(0.716, 0.808]"
2021-08-06,13965.8,0.02437378516155,1.024058737282699,bull,bull,0.246746152639389,0.067379333078861,0.6858745217323301,0.6858745217323301,16251.7,0.06916814856291942,2,1,-0.003002947735212924,-0.003002947735212924,0.43912836909294106,-0.0017296838598315795,"(0.574, 0.716]"
2021-08-09,13932.7,0.029383080901366,1.019857349966665,bull,bull,0.174969613552093,0.06460691243410101,0.7604234218597411,0.7604234218597411,16262.95,0.06812724628680522,2,1,0.0006922352738483184,0.0006922352738483184,0.5854538083076481,0.0003039801468336175,"(0.716, 0.808]"
2021-08-10,13883.5,0.025937557731387003,0.989633871924887,bull,bull,0.16051006317138602,0.068530328571796,0.770959615707397,0.770959615707397,16276.95,0.06680305585505875,2,1,0.0008608524283724162,0.0008608524283724162,0.610449552536011,0.0005039893325815179,"(0.716, 0.808]"
2021-08-11,13874.0,0.024153305577701,1.005135503994475,bull,bull,0.230550348758697,0.06985553354024801,0.6995940804481501,0.6995940804481501,16283.35,0.06607669797676752,2,1,0.0003931940566259673,0.0003931940566259673,0.46904373168945307,0.00024002513592714068,"(0.574, 0.716]"
2021-08-12,13971.6,0.025306841323132,1.028319479953101,bull,bull,0.18499422073364202,0.081147298216819,0.733858466148376,0.733858466148376,16358.6,0.06274069908182844,2,1,0.0046212849321545235,0.0046212849321545235,0.548864245414734,0.0021675847297779986,"(0.716, 0.808]"
2021-08-13,14054.4,0.029215441453778003,1.043425339199332,bull,bull,0.21708427369594502,0.07094644755125,0.711969316005706,0.711969316005706,16517.35,0.061638216784169586,2,1,0.00970437568007032,0.00970437568007032,0.494885042309761,0.005326384834862892,"(0.574, 0.716]"
2021-08-16,14059.5,0.024935392510998,1.116962586308599,bull,bull,0.144879966974258,0.10675373673439001,0.7483662366867061,0.7483662366867061,16559.45,0.06351660230261258,2,1,0.0025488350128806125,0.0025488350128806125,0.6034862697124481,0.0012613803231900222,"(0.716, 0.808]"
2021-08-17,14105.9,0.026417373397803003,1.157221513297221,bull,bull,0.23405414819717402,0.14085283875465301,0.625092983245849,0.625092983245849,16595.85,0.06069589686578292,2,1,0.002198140638728807,0.002198140638728807,0.39103883504867504,0.0013265476943697858,"(0.574, 0.716]"
2021-08-18,14079.9,0.03337957152608,1.168204644848475,bull,bull,0.258189260959625,0.12126518040895401,0.6205456256866451,0.6205456256866451,16572.3,0.04913922629930689,2,1,-0.0014190294561591266,-0.0014190294561591266,0.36235636472702004,-0.0005548956254362198,"(0.574, 0.716]"
2021-08-20,13913.8,0.031633814408529005,1.098244734637247,bull,bull,0.217457070946693,0.10617802292108501,0.6763649582862851,0.6763649582862851,16433.7,0.06849340075576404,2,1,-0.008363353306420906,-0.008363353306420906,0.4589078873395921,-0.003030514301042383,"(0.574, 0.716]"
2021-08-23,13922.75,0.018076055442011,1.127850393511861,bull,bull,0.26965385675430303,0.16235202550888,0.5679941177368161,0.5679941177368161,16494.25,0.06512875699107257,2,1,0.0036845019685158853,0.0036845019685158853,0.29834026098251304,0.0016908470142701932,"(0.344, 0.574]"
2021-08-24,14059.05,0.02752806525171,0.97602358423316,bull,bull,0.20650361478328702,0.161177724599838,0.632318675518035,0.632318675518035,16620.25,0.0729742332395722,2,1,0.007639025721084547,0.007639025721084547,0.42581506073474795,0.0022790289272804935,"(0.574, 0.716]"
2021-08-25,14095.2,0.030802983764809003,1.024836441794398,bull,bull,0.06573572009801801,0.26844000816345204,0.6658242940902711,0.6658242940902711,16632.35,0.07342618451391414,2,1,0.000728027556745392,0.000728027556745392,0.6000885739922531,0.00031000509829210923,"(0.574, 0.716]"
2021-08-26,14106.05,0.036211443389088,1.024214628583559,bull,bull,0.067732959985733,0.292079091072082,0.6401879191398621,0.6401879191398621,16636.9,0.07332195300807243,2,1,0.00027356326676653,0.00027356326676653,0.572454959154129,0.00016416219065058931,"(0.574, 0.716]"
2021-08-27,14180.85,0.043906981537646,0.9947443152134611,bull,bull,0.138795971870422,0.30583229660987804,0.555371761322021,0.555371761322021,16718.15,0.06161267843631024,2,1,0.0048837223280779885,0.0048837223280779885,0.416575789451599,0.002795711065839993,"(0.344, 0.574]"
2021-08-30,14401.0,0.055122667809636004,0.9870109483626041,bull,bull,0.117630898952484,0.302996098995208,0.579372942447662,0.579372942447662,16942.4,0.04518840305977889,2,1,0.013413565496182223,0.013413565496182223,0.461742043495178,0.005587766635932839,"(0.574, 0.716]"
2021-08-31,14555.75,0.064514831500116,1.080738421467876,bull,bull,0.172263219952583,0.24970096349716103,0.578035831451416,0.578035831451416,17122.25,0.0289623151162961,2,1,0.010615379167060013,0.010615379167060013,0.40577261149883304,0.004901566869074431,"(0.574, 0.716]"
2021-09-01,14539.7,0.054594908246899006,1.104267525926133,bull,bull,0.16037826240062703,0.256278306245803,0.58334344625473,0.58334344625473,17096.95,0.025340777156159344,2,1,-0.0014776095431382474,-0.0014776095431382474,0.422965183854103,-0.0005995734830948042,"(0.574, 0.716]"
2021-09-02,14682.45,0.053441769027666,1.09604618005074,bull,bull,0.09930775314569401,0.24321405589580503,0.657478153705596,0.657478153705596,17247.25,0.026612938294510613,2,1,0.00879104167702427,0.00879104167702427,0.558170400559902,0.0037183045591916517,"(0.574, 0.716]"
2021-09-03,14754.05,0.05656249552426901,1.072199554736839,bull,bull,0.085927106440067,0.220550283789634,0.693522572517395,0.693522572517395,17329.35,0.028875866665512673,2,1,0.004760179158996181,0.004760179158996181,0.6075954660773281,0.0026569911079137956,"(0.574, 0.716]"
2021-09-06,14807.75,0.059565805385215005,1.072668481504681,bull,sideways,0.096942491829395,0.33388766646385104,0.5691698193550111,0.5691698193550111,17404.65,0.012786812719589369,1,1,0.004345229336357281,0.004345229336357281,0.4722273275256161,0.0026401416438368813,"(0.344, 0.574]"
2021-09-07,14780.2,0.058313881052284,1.075415588969999,bull,bull,0.10551422834396301,0.223238661885261,0.671247124671936,0.671247124671936,17375.8,0.02488230757720511,2,1,-0.0016576029969004313,-0.0016576029969004313,0.5657328963279731,-0.0007827654333247428,"(0.574, 0.716]"
2021-09-08,14814.0,0.06325407135731001,1.079266094001697,bull,bull,0.060293670743703,0.132636934518814,0.807069361209869,0.807069361209869,17370.9,0.030464742759442442,2,1,-0.0002820014042517194,-0.0002820014042517194,0.7467756904661661,-0.00015953747119588078,"(0.716, 0.808]"
2021-09-09,14827.3,0.067979976230777,1.079705298868829,bull,bull,0.038177095353603,0.070646815001964,0.891176044940948,0.891176044940948,17364.3,0.03505756062726406,2,1,-0.00037994577137634433,-0.00037994577137634433,0.852998949587345,-0.00028373426575926963,"(0.808, 0.898]"
2021-09-13,14847.85,0.07019244630243601,1.064549688802214,bull,bull,0.082673445343971,0.12903138995170502,0.7882951498031611,0.7882951498031611,17359.3,0.037055065584441715,2,1,-0.0002879471098748976,-0.0002879471098748976,0.70562170445919,-0.00024561858225999946,"(0.716, 0.808]"
2021-09-14,14904.0,0.066735377480031,1.056341207846778,bull,bull,0.08784847706556301,0.17588268220424602,0.736268818378448,0.736268818378448,17384.95,0.04531505698894733,2,1,0.0014775941426210526,0.0014775941426210526,0.6484203413128851,0.0010426224974151826,"(0.716, 0.808]"
2021-09-15,15018.45,0.068594176912568,1.044736502187029,bull,bull,0.091241598129272,0.17154154181480402,0.7372168898582451,0.7372168898582451,17535.45,0.046736753262676345,2,1,0.008656913019594592,0.008656913019594592,0.6459752917289731,0.005613318494881484,"(0.716, 0.808]"
2021-09-16,15101.6,0.074120701305167,1.044961203842687,bull,bull,0.07585785537958101,0.112476885318756,0.8116652965545651,0.8116652965545651,17611.25,0.05020370501809923,2,1,0.004322672072858191,0.004322672072858191,0.7358074411749841,0.002792339353313255,"(0.808, 0.898]"
2021-09-17,15036.45,0.06596884991386501,1.063793166659431,bull,bull,0.128947064280509,0.13740780949592502,0.73364508152008,0.73364508152008,17603.15,0.04711088640385386,2,1,-0.0004599332812832424,-0.0004599332812832424,0.6046980172395711,-0.00033842233081223677,"(0.716, 0.808]"
2021-09-20,14808.7,0.051761731262295003,1.116748959608331,sideways,bull,0.47723507881164506,0.188878700137138,0.33388620615005404,0.47723507881164506,17386.65,0.053492190847575616,2,0,-0.012298935133768674,-0.012298935133768674,-0.14334887266159102,-0.0074371416895480155,"(0.344, 0.574]"
2021-09-21,14951.05,0.074548290186721,1.235307476927603,bull,bull,0.070123486220836,0.31833678483963,0.6115397214889521,0.6115397214889521,17559.3,0.03665294174596956,2,1,0.00993003252495428,0.0,0.5414162352681161,-0.0014234589679451282,"(0.574, 0.716]"
2021-09-22,14990.5,0.076691027275502,1.106889278570119,sideways,bull,0.07642076909542,0.46478685736656106,0.458792328834533,0.46478685736656106,17568.5,0.03278879813302216,2,0,0.0005239388813904622,0.0005239388813904622,0.382371559739113,0.00028366901667301205,"(0.344, 0.574]"
2021-09-23,15206.9,0.08164491910904301,1.101739638228179,sideways,sideways,0.048992507159709,0.7327280044555661,0.218279495835304,0.7327280044555661,17833.1,0.01751518244163952,1,0,0.01506104675982578,0.0,0.169286988675595,0.005758915940858298,"(0.716, 0.808]"
2021-09-24,15185.7,0.07736676315341301,1.120310860143087,sideways,bull,0.085480391979217,0.6636938452720641,0.25082579255104004,0.6636938452720641,17853.6,0.025795917910113486,2,0,0.001149547751092106,0.0,0.16534540057182304,0.00019460347712118504,"(0.574, 0.716]"
2021-09-27,15187.05,0.076633784794467,1.132974627982037,sideways,bull,0.08111159503459901,0.771869242191314,0.147019147872924,0.771869242191314,17856.75,0.02007644168171696,2,0,0.00017643500470509998,0.0,0.06590755283832499,2.9172716527856238e-05,"(0.716, 0.808]"
2021-09-28,15085.1,0.063765571175211,1.136315747293367,sideways,sideways,0.23080815374851202,0.7275670170783991,0.041624825447797005,0.7275670170783991,17748.2,0.006144285054259013,1,0,-0.006078933736542114,-0.0,-0.18918332830071502,-0.0004006476464418257,"(0.716, 0.808]"
2021-09-29,15083.7,0.04740643010902,1.173952191469942,sideways,sideways,0.139104589819908,0.823943734169006,0.036951709538698,0.823943734169006,17708.0,0.00041224305398679384,1,0,-0.002265018424403631,-0.0,-0.10215288028121,0.0004285037241911204,"(0.808, 0.898]"
2021-09-30,15047.15,0.03375985435309,1.085837558969557,sideways,bull,0.299428880214691,0.6619021296501161,0.038668960332870005,0.6619021296501161,17618.15,0.02215329078251682,2,0,-0.005073977863112589,-0.0,-0.260759919881821,0.00051832145320005,"(0.574, 0.716]"
2021-10-01,15009.5,0.032311533250342,1.044948085248165,sideways,bull,0.30989784002304005,0.6540114879608151,0.036090679466724,0.6540114879608151,17530.2,0.02202199632633972,2,0,-0.004992011079483438,-0.0,-0.27380716055631604,0.0013017164091352642,"(0.574, 0.716]"
2021-10-04,15187.2,0.034377777550749,1.048948515479871,sideways,sideways,0.345720708370208,0.591344654560089,0.06293462216854001,0.591344654560089,17706.25,0.007957642075538285,1,0,0.010042669222256384,0.0,-0.282786086201668,-0.0027497547441523275,"(0.574, 0.716]"
2021-10-05,15283.45,0.035881673167706005,1.049443557701615,sideways,sideways,0.383093565702438,0.543638825416564,0.07326763123273801,0.543638825416564,17829.75,0.01643320854190322,1,0,0.006974938228026861,0.0,-0.3098259344697,-0.0019724154830021135,"(0.344, 0.574]"
2021-10-06,15118.7,0.020999138964393,1.057208009369368,bear,bull,0.514586091041564,0.38055807352066,0.104855850338935,0.514586091041564,17627.2,0.025142960878642207,2,-1,-0.011360226587585287,-0.0,-0.40973024070262903,0.003519692818286143,"(0.344, 0.574]"
2021-10-07,15295.85,0.034887890556284,1.105615641292384,sideways,sideways,0.321004539728164,0.619445443153381,0.059550065547227006,0.619445443153381,17808.15,0.012061893009661206,1,0,0.010265385313606323,-0.010265385313606323,-0.261454474180937,-0.0042060387954491515,"(0.574, 0.716]"
2021-10-08,15375.4,0.037896584312137,1.13688657599747,sideways,sideways,0.351169347763061,0.6045737862586971,0.044256873428821,0.6045737862586971,17900.1,-0.0001815632314903226,1,0,0.00516336621153779,0.0,-0.30691247433424,-0.0013499851978412295,"(0.574, 0.716]"
2021-10-11,15434.25,0.040934627342806,1.159699859057063,sideways,sideways,0.38277363777160606,0.558363616466522,0.058862742036581005,0.558363616466522,17973.05,0.008924473030454072,1,0,0.004075396226836725,0.0,-0.3239108957350251,-0.0012507899398708849,"(0.344, 0.574]"
2021-10-12,15493.25,0.043467572746222004,1.161683332022105,sideways,sideways,0.41143986582756004,0.513568043708801,0.07499212026596,0.513568043708801,18002.55,0.007690577168234514,1,0,0.0016413463491171676,0.0,-0.33644774556160006,-0.0005316499661539549,"(0.344, 0.574]"
2021-10-13,15635.65,0.04909084809447101,1.162821575076218,bear,sideways,0.5512258410453791,0.355359107255935,0.09341501444578101,0.5512258410453791,18172.75,-0.009285881333314983,1,-1,0.00945421620825937,0.0,-0.45781082659959804,-0.0031808497293208038,"(0.344, 0.574]"
2021-10-14,15768.4,0.049935246313700006,1.178393299921812,bear,bear,0.849727511405944,0.082460157573223,0.067812323570251,0.849727511405944,18355.0,-0.02429038409152806,0,-1,0.010028751839980199,-0.010028751839980199,-0.781915187835693,-0.004591271169623575,"(0.808, 0.898]"
2021-10-18,15885.9,0.051934894315833,1.174084992141185,bear,bear,0.879099905490875,0.06746342778205801,0.053436692804098004,0.879099905490875,18495.4,-0.03798241724969453,0,-1,0.007649141923181668,-0.007649141923181668,-0.825663212686777,-0.005980980243646468,"(0.808, 0.898]"
2021-10-19,15755.65,0.047830438700624006,1.176994095520363,bear,bear,0.897401332855224,0.067343540489673,0.035255145281553005,0.897401332855224,18432.45,-0.05411109212285947,0,-1,-0.003403548990559835,0.003403548990559835,-0.862146187573671,0.00281018519408247,"(0.808, 0.898]"
2021-10-20,15588.15,0.052634599931121004,1.184695862374431,bear,bear,0.8975223302841181,0.05565782636404001,0.046819847077131,0.8975223302841181,18316.7,-0.04484705214367224,0,-1,-0.006279686097073411,0.006279686097073411,-0.850702483206987,0.005414007427751227,"(0.808, 0.898]"
2021-10-21,15518.5,0.037953856083686004,1.108034795040016,bear,bear,0.8900964260101311,0.07527762651443401,0.034625887870788005,0.8900964260101311,18202.9,-0.043663372319795335,0,-1,-0.006212909530646904,0.006212909530646904,-0.855470538139343,0.005285337565661677,"(0.808, 0.898]"
2021-10-22,15395.8,0.027037123511557,1.124241719695544,bear,bear,0.8967125415802001,0.07927955687046001,0.024007905274629003,0.8967125415802001,18144.55,-0.033525218316243666,0,-1,-0.0032055331842729684,0.0032055331842729684,-0.872704636305571,0.002742239198173518,"(0.808, 0.898]"
2021-10-25,15339.7,0.008732877838349001,1.177509794607275,bear,bear,0.9060170650482171,0.06282856315374301,0.031154422089457002,0.9060170650482171,18145.45,-0.060252019101207144,0,-1,4.9601671025190086e-05,-4.9601671025190086e-05,-0.8748626429587602,-4.3287608272187096e-05,"(0.898, 0.988]"
2021-10-26,15528.65,0.022583746551031,1.088066869606619,bear,bear,0.8033946156501771,0.163538843393325,0.033066533505916006,0.8033946156501771,18314.15,-0.06657420628311983,0,-1,0.0092970965173087,-0.0092970965173087,-0.7703280821442611,-0.008133682430975375,"(0.716, 0.808]"
2021-10-27,15463.0,0.018170085698012,1.132218935986554,bear,bear,0.8888218402862541,0.081052616238594,0.030125586315989,0.8888218402862541,18215.25,-0.06487146758897089,0,-1,-0.0054001960232935575,0.0054001960232935575,-0.858696253970265,0.004159922645826791,"(0.808, 0.898]"
2021-10-28,15196.6,0.007391399460394001,1.14561619002536,bear,bear,0.873939752578735,0.08193875104188901,0.044121515005826006,0.873939752578735,17857.25,-0.035579386523680756,0,-1,-0.019653861462236355,0.019653861462236355,-0.8298182375729091,0.016876697213672916,"(0.808, 0.898]"
2021-10-29,15116.85,0.002197736629606,1.192356439288015,bear,sideways,0.669097661972045,0.173332810401916,0.15756948292255402,0.669097661972045,17715.3,-0.015955134826957318,1,-1,-0.007949152305086193,0.007949152305086193,-0.511528179049491,0.0065963515560052526,"(0.574, 0.716]"
2021-11-01,15315.9,0.017860525082822,1.196986820979356,bear,bear,0.9081598520278931,0.041784133762121006,0.050056036561727,0.9081598520278931,18008.45,-0.04272716419236533,0,-1,0.016547842825128667,-0.016547842825128667,-0.8581038154661661,-0.008464687907535252,"(0.898, 0.988]"
2021-11-02,15316.55,0.020457043872214,1.231021958164851,bear,bear,0.9115964174270631,0.033368200063705,0.055035311728715,0.9115964174270631,17916.25,-0.053532407730412235,0,-1,-0.005119818751752714,0.005119818751752714,-0.8565611056983481,0.004393336005374227,"(0.898, 0.988]"
2021-11-03,15287.2,0.006584492203961001,1.234444704724071,bear,bear,0.8748425245285031,0.060783408582210006,0.064374022185802,0.8748425245285031,17847.15,-0.03483749506223688,0,-1,-0.0038568338798575796,0.0038568338798575796,-0.8104685023427011,0.0033036138926256582,"(0.808, 0.898]"
2021-11-08,15529.1,0.016072941646028002,1.20293510367125,bear,bear,0.86634337902069,0.06848851591348601,0.065168112516403,0.86634337902069,18122.75,-0.033609689478693805,0,-1,0.015442241478331287,-0.015442241478331287,-0.801175266504287,-0.012515450323757496,"(0.808, 0.898]"
2021-11-09,15545.2,0.028210097429011004,1.240532723909475,bear,bear,0.800165116786956,0.097419656813144,0.102415218949317,0.800165116786956,18070.4,-0.02816761112094912,0,-1,-0.0028886344511731554,0.0028886344511731554,-0.697749897837639,0.002314302476252118,"(0.716, 0.808]"
2021-11-10,15517.55,0.014494127492097001,1.188346386368359,bear,bear,0.917490243911743,0.050999987870454004,0.03150974959135,0.917490243911743,18022.95,-0.02572275903778254,0,-1,-0.0026258411545954097,0.0026258411545954097,-0.885980494320393,0.001832180397356815,"(0.898, 0.988]"
2021-11-11,15422.5,0.0030633349376270004,1.1462812316590991,bear,bear,0.9022337794303891,0.069318532943725,0.028447650372982,0.9022337794303891,17896.85,-0.025144089602360142,0,-1,-0.006996634846126892,0.006996634846126892,-0.873786129057407,0.006198881999550791,"(0.898, 0.988]"
2021-11-12,15577.0,0.009248910701848,1.146750074233913,bear,bear,0.9017426371574401,0.064733900129795,0.033523436635732005,0.9017426371574401,18133.45,-0.04292619440867573,0,-1,0.013220203555374344,-0.013220203555374344,-0.8682192005217081,-0.011551630490001517,"(0.898, 0.988]"
2021-11-15,15578.85,0.005524986687751,1.170953374984173,bear,bear,0.9242444634437561,0.042294953018426,0.033460557460784,0.9242444634437561,18141.0,-0.04851992723664633,0,-1,0.00041635761534619675,-0.00041635761534619675,-0.8907839059829721,-0.0003614896759269998,"(0.898, 0.988]"
2021-11-16,15495.95,-0.008934710101594,1.167135986454986,bear,bear,0.9189961552619931,0.038791142404079,0.042212728410959,0.9189961552619931,18004.0,-0.03813041546323037,0,-1,-0.007551954137037686,0.007551954137037686,-0.876783426851034,0.006727159203994695,"(0.898, 0.988]"
2021-11-17,15443.05,-0.020633038228355,1.141508600111362,bear,bear,0.8826763033866881,0.07499598711729001,0.042327668517827,0.8826763033866881,17909.15,-0.04945237490333165,0,-1,-0.00526827371695171,0.00526827371695171,-0.8403486348688611,0.004619135083138155,"(0.808, 0.898]"
2021-11-18,15288.05,-0.037634002480186,1.110829420628683,bear,bear,0.8668103218078611,0.084488935768604,0.048700768500566004,0.8668103218078611,17792.9,-0.0650737091761322,0,-1,-0.006491095333949426,0.006491095333949426,-0.8181095533072951,0.005454783102688035,"(0.808, 0.898]"
2021-11-22,14994.35,-0.048319174391408,1.089227377719034,bear,bear,0.7480425238609311,0.16326500475406602,0.08869248628616301,0.7480425238609311,17435.05,-0.036369267653376336,0,-1,-0.02011195476847516,0.02011195476847516,-0.6593500375747681,0.016453782331773737,"(0.716, 0.808]"
2021-11-23,15103.3,-0.031103755096018003,1.121232756787894,bear,bear,0.8287310004234311,0.094099208712577,0.077169843018054,0.8287310004234311,17495.25,-0.02983095411611736,0,-1,0.003452814875781973,-0.003452814875781973,-0.7515611574053771,-0.002276613618085562,"(0.808, 0.898]"
2021-11-24,14999.9,-0.033418178303315005,1.119536318314317,sideways,sideways,0.45790609717369,0.31839159131050104,0.22370229661464602,0.45790609717369,17408.1,-0.018936586991113225,1,0,-0.0049813520812792556,0.0049813520812792556,-0.234203800559044,0.0037437907356499215,"(0.344, 0.574]"
2021-11-25,15163.25,-0.015104768833058,1.140969548979057,bear,bear,0.7127588391304011,0.181842237710952,0.105398915708065,0.7127588391304011,17536.25,-0.03036281987312006,0,-1,0.007361515616293612,0.0,-0.607359923422336,-0.001724094935210717,"(0.574, 0.716]"
2021-11-26,14692.8,-0.042171620044720005,1.16014985306605,sideways,sideways,0.137071460485458,0.580435991287231,0.282492578029632,0.580435991287231,17052.15,0.003005486111721911,1,0,-0.02760567396108049,0.02760567396108049,0.145421117544174,0.016766580023023822,"(0.574, 0.716]"
2021-11-29,14644.75,-0.05692059515798201,1.2718044598888572,sideways,sideways,0.239311069250106,0.39741510152816706,0.363273799419403,0.39741510152816706,17094.9,0.008882766205125403,1,0,0.002507015244411992,0.0,0.12396273016929701,0.0003645729585426724,"(0.344, 0.574]"
2021-11-30,14634.55,-0.053576278859212005,1.218177331550377,sideways,sideways,0.298754423856735,0.42894724011421204,0.272298336029052,0.42894724011421204,17033.6,0.010702376479428954,1,0,-0.003585864790083715,-0.0,-0.026456087827682995,-0.00044451358939673043,"(0.344, 0.574]"
2021-12-01,14798.85,-0.026173617782925002,1.218280252444457,sideways,sideways,0.223914980888366,0.366952538490295,0.40913248062133706,0.40913248062133706,17221.9,-0.0010422775651931504,1,0,0.011054621454067437,0.0,0.18521749973297105,-0.0002924620360905968,"(0.344, 0.574]"
2021-12-02,14977.15,-0.009241343269265,1.191662298812952,sideways,sideways,0.49146345257759005,0.27917924523353504,0.229357346892356,0.49146345257759005,17432.65,-0.0013021542909426032,1,0,0.012237325730610538,0.0,-0.26210610568523407,0.0022665668752416372,"(0.344, 0.574]"
2021-12-03,14862.8,-0.029583635307099003,1.238421104876484,sideways,bull,0.415844589471817,0.109075270593166,0.47508016228675803,0.47508016228675803,17239.0,0.025462613840710135,2,0,-0.011108466010618101,-0.0,0.05923557281494102,0.0029115967661798984,"(0.344, 0.574]"
2021-12-06,14618.35,-0.045584678011693004,1.205542906959587,bull,bull,0.21527132391929601,0.13874073326587602,0.6459879279136651,0.6459879279136651,16957.15,0.052461645972347926,2,1,-0.016349556238760887,-0.0,0.43071660399436906,-0.0009684753290730938,"(0.574, 0.716]"
2021-12-07,14838.9,-0.029325187084619002,1.2240805020288361,bull,bull,0.270492106676101,0.12693870067596402,0.602569222450256,0.602569222450256,17225.4,0.04270147572770444,2,1,0.015819285670056527,0.015819285670056527,0.332077115774155,0.006813629001423534,"(0.574, 0.716]"
2021-12-08,15072.9,-0.029377104919151003,1.273357125800024,bull,sideways,0.287333816289901,0.141813874244689,0.57085233926773,0.57085233926773,17513.65,0.015702038124548512,1,1,0.016734009079615086,0.016734009079615086,0.28351852297782904,0.0055569814704971,"(0.344, 0.574]"
2021-12-09,15119.6,-0.027378226076216,1.24766526785962,bull,sideways,0.33497416973114,0.14839993417263,0.516625881195068,0.516625881195068,17561.4,0.01667862471101378,1,1,0.0027264448016262044,0.0027264448016262044,0.181651711463928,0.0007729976031376416,"(0.344, 0.574]"
2021-12-10,15144.85,-0.024017966753772,1.251032375012608,bull,bull,0.21402536332607203,0.04087496548891,0.745099604129791,0.745099604129791,17559.35,0.027839868787853828,2,1,-0.0001167332900567919,-0.0001167332900567919,0.531074240803719,-2.1204801923631377e-05,"(0.716, 0.808]"
2021-12-13,15075.8,-0.022480142648727,1.253090057626341,bull,bull,0.29924580454826305,0.054623786360025,0.6461304426193231,0.6461304426193231,17446.85,0.036493693704021224,2,1,-0.0064068430779044006,-0.0064068430779044006,0.34688463807106,-0.003402509323546642,"(0.574, 0.716]"
2021-12-14,15038.1,-0.034595878538871,1.24785795380627,bull,bull,0.34919387102127003,0.09906744956970201,0.551738679409027,0.551738679409027,17355.05,0.05106006609027358,2,1,-0.005261694804506223,-0.005261694804506223,0.20254480838775696,-0.001825201097901518,"(0.344, 0.574]"
2021-12-15,14942.3,-0.040859883752651004,1.219333011030232,bull,bull,0.37526550889015203,0.108048096299171,0.516686379909515,0.516686379909515,17260.8,0.059467116240266904,2,1,-0.005430695964575127,-0.005430695964575127,0.14142087101936301,-0.0010999592735570342,"(0.344, 0.574]"
2021-12-16,14961.4,-0.034496110273974,1.218660447812287,sideways,bull,0.42398354411125105,0.08284318447113001,0.493173211812973,0.493173211812973,17317.5,0.05644579182907461,2,0,0.003284899888765347,0.003284899888765347,0.06918966770172197,0.00046455340348060405,"(0.344, 0.574]"
2021-12-17,14675.5,-0.049701969494368003,1.2192135279283751,bull,bull,0.285408526659011,0.161270037293434,0.553321480751037,0.553321480751037,17023.5,0.0771345492994977,2,1,-0.016977046340407087,-0.0,0.26791295409202603,-0.0011746361948495013,"(0.344, 0.574]"
2021-12-20,14293.7,-0.065040996072095,1.248557781343137,bull,bull,0.29684051871299705,0.107152692973613,0.5960068106651301,0.5960068106651301,16635.05,0.08952783430167033,2,1,-0.022818456839075463,-0.022818456839075463,0.299166291952133,-0.006113360179578102,"(0.574, 0.716]"
2021-12-21,14470.7,-0.034923154388152,1.279825804629597,sideways,bull,0.44701221585273704,0.19988177716732,0.353105992078781,0.44701221585273704,16800.95,0.06982640862570255,2,0,0.009972918626634852,0.009972918626634852,-0.09390622377395602,0.002983561085470708,"(0.344, 0.574]"
2021-12-22,14650.2,-0.030000066210695002,1.252719284334854,sideways,bull,0.30709749460220304,0.30493676662445,0.387965679168701,0.387965679168701,16973.35,0.04894437456365419,2,0,0.01026132450843531,0.0,0.08086818456649797,-0.0009636022355063055,"(0.344, 0.574]"
2021-12-23,14737.65,-0.017483449889665003,1.278893857812072,sideways,bull,0.30488613247871404,0.32977145910263,0.365342438220977,0.365342438220977,17078.45,0.03158073478565093,2,0,0.006192059905675729,0.0,0.06045630574226296,0.0005007406432989968,"(0.344, 0.574]"
2021-12-24,14661.1,-0.033116251463241,1.2873434612986832,sideways,sideways,0.235649466514587,0.566136240959167,0.198214307427406,0.566136240959167,17003.8,0.008695115209541582,1,0,-0.004371005565493413,-0.0,-0.03743515908718101,-0.0002642548488686028,"(0.344, 0.574]"
2021-12-27,14739.2,0.0031580093651310003,1.262806598168851,sideways,sideways,0.19394651055335901,0.6465826034545891,0.159470871090888,0.6465826034545891,17103.4,0.010527146649204289,1,0,0.005857514202707748,0.0,-0.03447563946247101,-0.00021927697603378674,"(0.574, 0.716]"
2021-12-28,14867.95,0.015240956656822001,1.106750575121636,sideways,sideways,0.303992450237274,0.615502119064331,0.08050543069839401,0.615502119064331,17246.75,-0.007920332816327647,1,0,0.008381374463556801,0.0,-0.22348701953888,-0.00028895324420554565,"(0.574, 0.716]"
2021-12-29,14845.4,0.014407685921330002,1.110987883145462,sideways,sideways,0.394458681344985,0.507833361625671,0.09770797193050301,0.507833361625671,17215.9,-0.00524224699260567,1,0,-0.001788742806615673,-0.0,-0.296750709414482,0.00039976079857214795,"(0.344, 0.574]"
2021-12-30,14860.4,0.004159106957635,1.111513194286765,sideways,sideways,0.419109940528869,0.49525842070579507,0.085631638765335,0.49525842070579507,17203.95,0.009183937409722676,1,0,-0.0006941257790763489,-0.0,-0.333478301763534,0.00020598231736378654,"(0.344, 0.574]"
2021-12-31,15000.45,0.0015557031878560001,1.090711160753515,sideways,sideways,0.409068256616592,0.526052832603454,0.064878955483436,0.526052832603454,17409.95,0.010284348892443562,1,0,0.011973994344322003,0.0,-0.34418930113315604,-0.003993067299270662,"(0.344, 0.574]"
2022-01-03,15211.4,0.02345453077482,1.071271970135059,sideways,sideways,0.33700749278068504,0.563645601272583,0.09934686869382801,0.563645601272583,17677.95,0.006672153728232155,1,0,0.015393496247835259,0.0,-0.237660624086857,-0.005298276715538277,"(0.344, 0.574]"
2022-01-04,15320.65,0.04804235772163001,1.07938716509077,bear,sideways,0.529824316501617,0.40395063161849903,0.06622504442930201,0.529824316501617,17846.75,-0.016790171880034288,1,-1,0.009548618476689752,0.0,-0.463599272072315,-0.0022693306263373804,"(0.344, 0.574]"
2022-01-05,15385.2,0.036815397367729,1.012248859138277,bear,bear,0.947389602661132,0.039432164281606,0.013178262859582,0.947389602661132,17960.95,-0.024013206428390443,0,-1,0.006398924173869336,-0.006398924173869336,-0.93421133980155,-0.0029665365890517636,"(0.898, 0.988]"
2022-01-06,15288.2,0.014283913513656002,0.9838103661885971,bear,bear,0.9623168110847471,0.024121198803186,0.013561939820647,0.9623168110847471,17788.65,-0.03206257922889044,0,-1,-0.009593033776053028,0.009593033776053028,-0.9487548712641001,0.008961920936688022,"(0.898, 0.988]"
2022-01-07,15348.1,0.015112833672848,0.9475434584626141,bear,bear,0.9517524242401121,0.025177277624607003,0.023070286959409003,0.9517524242401121,17854.3,-0.03255798323093029,0,-1,0.0036905554946551344,-0.0036905554946551344,-0.928682137280703,-0.0035014325032245493,"(0.898, 0.988]"
2022-01-10,15495.95,0.023182798112889,0.9562907167825591,bear,bear,0.953593313694,0.024436986073851003,0.021969636902213003,0.953593313694,18048.2,-0.03147405281413096,0,-1,0.01086012893252608,-0.01086012893252608,-0.931623676791787,-0.010085607748202321,"(0.898, 0.988]"
2022-01-11,15532.65,0.030303532814178004,0.9773523797549921,bear,bear,0.9346477985382081,0.022277738898992,0.04307448118925,0.9346477985382081,18083.55,-0.025763746609487548,0,-1,0.0019586440753094347,-0.0019586440753094347,-0.8915733173489582,-0.0018247191949662255,"(0.898, 0.988]"
2022-01-12,15657.15,0.041165439782951,0.97095294501837,bear,bear,0.9216780662536621,0.028326855972409002,0.04999508336186401,0.9216780662536621,18241.2,-0.04853847334605188,0,-1,0.008717867896513853,-0.008717867896513853,-0.8716829828917981,-0.00777261840070484,"(0.898, 0.988]"
2022-01-13,15719.15,0.051989988154434,0.97257472063739,bear,bear,0.8755324482917781,0.044547073543071004,0.07992041110992401,0.8755324482917781,18287.25,-0.07925740611628329,0,-1,0.0025245049667783626,-0.0025245049667783626,-0.7956120371818541,-0.002200568019766523,"(0.808, 0.898]"
2022-01-14,15715.0,0.050369617816514,0.955610553845976,bear,bear,0.8757748007774351,0.042357306927442,0.081867918372154,0.8757748007774351,18295.0,-0.051071330964744366,0,-1,0.00042379253304902775,-0.00042379253304902775,-0.7939068824052811,-0.0003371744405615952,"(0.808, 0.898]"
2022-01-17,15781.85,0.075387550679704,0.9630036656344101,bear,bear,0.85650223493576,0.03712011873722,0.106377601623535,0.85650223493576,18336.6,-0.05558555021105327,0,-1,0.0022738453129269587,-0.0022738453129269587,-0.750124633312225,-0.0018052214434577025,"(0.808, 0.898]"
2022-01-18,15579.85,0.089980201067603,0.8409666852508241,bear,bear,0.63977837562561,0.07560983300209001,0.28461179137229903,0.63977837562561,18124.35,-0.04602371947131889,0,-1,-0.011575210235267197,0.011575210235267197,-0.355166584253311,0.00868285033324172,"(0.574, 0.716]"
2022-01-19,15476.45,0.06950251197246801,0.6417873260833921,bear,bear,0.9390950202941891,0.040904697030782006,0.020000334829092,0.9390950202941891,17974.1,-0.03872516565502582,0,-1,-0.008289952467260941,0.008289952467260941,-0.9190946854650971,0.0029443141014193763,"(0.898, 0.988]"
2022-01-20,15376.8,0.049596592537985006,0.653878428578969,bear,bear,0.9363126158714291,0.042593076825141005,0.021094279363751002,0.9363126158714291,17804.1,-0.03363831926354033,0,-1,-0.009458053532583,0.009458053532583,-0.9152183365076781,0.008692846736641422,"(0.898, 0.988]"
2022-01-21,15210.55,0.032087883753515005,0.654684254911099,bear,bear,0.9544380903244011,0.027242006734013002,0.018319880589842002,0.9544380903244011,17617.8,-0.030889214317338154,0,-1,-0.010463881914839823,0.010463881914839823,-0.9361182097345591,0.00957673659951248,"(0.898, 0.988]"
2022-01-24,14686.5,0.0017324757351080001,0.69993739114177,sideways,sideways,0.43664607405662503,0.4776511490345,0.085702709853649,0.4776511490345,17151.65,-0.004139543425851211,1,0,-0.02645903574793662,0.02645903574793662,-0.350943364202976,0.02476878517566113,"(0.344, 0.574]"
2022-01-25,14824.45,0.00578389600521,0.947049034490658,bear,bear,0.907763719558715,0.030473396182060002,0.061762936413288005,0.907763719558715,17283.45,-0.05991280676022437,0,-1,0.007684391880664609,0.0,-0.846000783145427,-0.0026967863384544715,"(0.898, 0.988]"
2022-01-27,14703.1,-0.011087607908286001,0.953420153172391,bear,bear,0.8932464718818661,0.045846685767173004,0.06090682372450801,0.8932464718818661,17110.15,-0.02653980239799192,0,-1,-0.010026933280103179,0.010026933280103179,-0.8323396481573582,0.008482793407514235,"(0.808, 0.898]"
2022-01-28,14726.2,-0.008029423255688001,0.9579684863346111,bear,sideways,0.818434000015258,0.12137881666421801,0.060187209397554,0.818434000015258,17125.65,-0.019351090323579068,1,-1,0.0009058950389095877,-0.0009058950389095877,-0.7582467906177041,-0.0007540123579535025,"(0.808, 0.898]"
2022-01-31,14922.15,0.0041553390218290005,0.9589338335398471,bear,bear,0.9435229897499081,0.024499276652932,0.031977750360965,0.9435229897499081,17361.95,-0.043111516851505716,0,-1,0.013798016425653925,-0.013798016425653925,-0.9115452393889432,-0.010462301671642454,"(0.898, 0.988]"
2022-02-01,15137.4,0.009129726108216,1.000902548556549,bear,bear,0.952039659023284,0.018049983307719,0.029910352081060004,0.952039659023284,17589.0,-0.06159531525385187,0,-1,0.013077448097707833,-0.013077448097707833,-0.9221293069422241,-0.011920685556821567,"(0.898, 0.988]"
2022-02-02,15300.6,0.0058640230353550005,1.011469291608776,bear,bear,0.889544963836669,0.07254122197628,0.037913855165243,0.889544963836669,17795.9,-0.08636539877162719,0,-1,0.011763033714253357,-0.011763033714253357,-0.851631108671426,-0.010847038126462464,"(0.808, 0.898]"
2022-02-03,15106.9,-0.013951757921498002,0.999803176819936,bear,bear,0.858031272888183,0.091891460120677,0.05007727444171901,0.858031272888183,17547.1,-0.09545167007653677,0,-1,-0.013980748374625818,0.013980748374625818,-0.807953998446464,0.011906440238338822,"(0.808, 0.898]"
2022-02-04,15077.3,-0.020012739515898003,1.009521833072426,bear,bear,0.8797944784164421,0.067018866539001,0.053186643868684005,0.8797944784164421,17529.65,-0.08663892319584254,0,-1,-0.00099446632207012,0.00099446632207012,-0.8266078345477581,0.0008034830412369025,"(0.808, 0.898]"
2022-02-07,14864.5,-0.027714184796117,1.00505614694858,bear,bear,0.9000769257545471,0.055370431393384004,0.044552598148584005,0.9000769257545471,17218.3,-0.04951708356806417,0,-1,-0.01776133579392636,0.01776133579392636,-0.8555243276059631,0.014681659319293053,"(0.898, 0.988]"
2022-02-08,14836.9,-0.033307054293365,1.037135093433974,bear,bear,0.8867021799087521,0.061628926545381005,0.051668893545866006,0.8867021799087521,17273.0,-0.03827360620621767,0,-1,0.003176852534803043,-0.003176852534803043,-0.8350332863628861,-0.0027178746287406727,"(0.808, 0.898]"
2022-02-09,15024.3,-0.030436985147732003,1.031910831038674,bear,bear,0.9110476374626161,0.043489877134561004,0.045462414622306005,0.9110476374626161,17480.15,-0.047619728663655714,0,-1,0.011992705378336188,-0.011992705378336188,-0.86558522284031,-0.010014308184453926,"(0.898, 0.988]"
2022-02-10,15096.0,-0.028111751697231003,1.034556035580234,bear,bear,0.9124066233634941,0.038552403450012006,0.049040954560041004,0.9124066233634941,17617.65,-0.0415634321263052,0,-1,0.007866065222552399,-0.007866065222552399,-0.8633656688034531,-0.006808749818539431,"(0.898, 0.988]"
2022-02-11,14867.85,-0.05041147335243001,1.039364295278051,bear,bear,0.8997284173965451,0.055782102048397,0.044489488005638005,0.8997284173965451,17355.8,-0.03957178580071208,0,-1,-0.014862935749092698,0.014862935749092698,-0.8552389293909071,0.01283214846339817,"(0.898, 0.988]"
2022-02-14,14378.05,-0.08531631799429301,1.046885518531489,sideways,sideways,0.254261046648025,0.67844134569168,0.06729760020971201,0.67844134569168,16837.85,0.010149751898253179,1,0,-0.029843049585729364,0.029843049585729364,-0.186963446438313,0.025522937777458933,"(0.574, 0.716]"
2022-02-15,14804.9,-0.057912822144448005,1.1171192746938021,sideways,sideways,0.42628115415573103,0.49760186672210605,0.076116964221,0.49760186672210605,17360.65,-0.002223419054010245,1,0,0.031049094747845007,0.0,-0.35016418993473103,-0.005805045762846826,"(0.344, 0.574]"
2022-02-16,14762.55,-0.06458685135139401,1.209099448859794,sideways,sideways,0.093007795512676,0.770454585552215,0.136537626385688,0.770454585552215,17317.35,-0.00916421969874126,1,0,-0.0024941462445243756,-0.0,0.043529830873012,0.0008733606992926296,"(0.716, 0.808]"
2022-02-17,14755.85,-0.052888827556106,1.202846480662366,sideways,sideways,0.114650286734104,0.7081022858619691,0.177247405052185,0.7081022858619691,17290.2,0.004198910365409203,1,0,-0.001567791838820498,-0.0,0.062597118318081,-6.824571358794478e-05,"(0.574, 0.716]"
2022-02-18,14703.7,-0.049930701162088004,1.196207657930103,sideways,sideways,0.13212470710277502,0.7389477491378781,0.128927573561668,0.7389477491378781,17278.05,-0.00033568602938405245,1,0,-0.0007027102057813872,-0.0,-0.003197133541107011,-4.398763389462054e-05,"(0.716, 0.808]"
2022-02-21,14591.25,-0.051086702044638006,1.215688833126292,sideways,sideways,0.114539682865142,0.7613783478736871,0.124081939458847,0.7613783478736871,17205.2,0.0021853858135911786,1,0,-0.004216332282867441,-0.0,0.009542256593705,1.348017736200779e-05,"(0.716, 0.808]"
2022-02-22,14481.7,-0.047917399436575005,1.217480903616491,sideways,sideways,0.08284181356430001,0.798147737979888,0.119010470807552,0.798147737979888,17073.6,0.007054751194827125,1,0,-0.007648850347569458,-0.0,0.036168657243251995,-7.298729266335745e-05,"(0.716, 0.808]"
2022-02-23,14503.4,-0.012467231811527,1.210989402118231,sideways,sideways,0.10228057950735,0.7769110202789301,0.12080844491720201,0.7769110202789301,17080.65,0.01102417062582517,1,0,0.00041291818948563375,0.0,0.018527865409852004,1.4934696465010067e-05,"(0.716, 0.808]"
2022-02-24,13759.15,-0.07186101339341401,1.06633164092396,sideways,bull,0.345098167657852,0.191359490156173,0.463542342185974,0.463542342185974,16247.95,0.06893792755393746,2,0,-0.04875107211962082,-0.0,0.118444174528122,-0.000903253302818323,"(0.344, 0.574]"
2022-02-25,14193.8,-0.034638953690038006,1.264253257562548,bull,bull,0.09871309250593101,0.11738241463899601,0.783904552459716,0.783904552459716,16656.05,0.05159386529219123,2,1,0.025117014761862233,0.0,0.685191459953785,0.002974964080079427,"(0.716, 0.808]"
2022-02-28,14304.7,-0.028622455215873,1.319897730439467,bull,bull,0.148509666323661,0.1428754478693,0.708614826202392,0.708614826202392,16794.25,0.03992437887967615,2,1,0.008297285370781227,0.008297285370781227,0.560105159878731,0.005685229076858771,"(0.574, 0.716]"
2022-03-02,14212.85,-0.047533364830135004,1.323388349483966,bull,bull,0.10398657619953101,0.113560311496257,0.782453119754791,0.782453119754791,16613.45,0.06618432655468909,2,1,-0.010765589413043064,-0.010765589413043064,0.67846654355526,-0.006029862179381259,"(0.716, 0.808]"
2022-03-03,14142.15,-0.065747750604463,1.309648050829433,bull,bull,0.08602816611528301,0.12136058509349801,0.7926112413406371,0.7926112413406371,16505.6,0.09648846452113236,2,1,-0.006491728087784421,-0.006491728087784421,0.7065830752253541,-0.004404420317419694,"(0.716, 0.808]"
2022-03-04,13888.45,-0.09229376625753201,1.289869691501989,bull,bull,0.09724463522434201,0.14430809020996002,0.758447289466857,0.758447289466857,16258.95,0.10815889094929254,2,1,-0.014943413144629547,-0.014943413144629547,0.661202654242515,-0.010558762814095325,"(0.716, 0.808]"
2022-03-07,13576.75,-0.101288153095605,1.27570020415086,bull,bull,0.10104300826787901,0.12255067378282501,0.7764063477516171,0.7764063477516171,15872.2,0.12570721135066343,2,1,-0.02378689890798602,-0.02378689890798602,0.6753633394837381,-0.01572796069415874,"(0.716, 0.808]"
2022-03-08,13709.7,-0.090705895617915,1.28827679369249,bull,bull,0.135223761200904,0.15689578652381803,0.7078804373741151,0.7078804373741151,16010.9,0.10739246388397894,2,1,0.008738549161426912,0.008738549161426912,0.572656676173211,0.005901695743904098,"(0.574, 0.716]"
2022-03-09,13994.4,-0.058535436778902,1.314867664415245,bull,bull,0.131110519170761,0.11328342556953401,0.755606055259704,0.755606055259704,16365.7,0.09344238254397919,2,1,0.02215990356569586,0.02215990356569586,0.624495536088943,0.012690016720250278,"(0.716, 0.808]"
2022-03-10,14166.95,-0.045154311210562,1.34826504955913,bull,bull,0.12230179458856501,0.063290685415267,0.814407587051391,0.814407587051391,16611.9,0.06694297461458354,2,1,0.015043658383081748,0.015043658383081748,0.692105792462826,0.009394697506681558,"(0.808, 0.898]"
2022-03-11,14230.85,-0.052811112664150006,1.358701094492285,bull,bull,0.11989090591669001,0.08079510927200301,0.7993140220642091,0.7993140220642091,16647.75,0.05580634019612263,2,1,0.0021580914886316638,0.0021580914886316638,0.679423116147519,0.0014936276199466975,"(0.716, 0.808]"
2022-03-14,14382.15,-0.047287360890302006,1.3419376875346472,bull,bull,0.119925633072853,0.146916314959526,0.7331580519676201,0.7331580519676201,16885.4,0.03753834673741796,2,1,0.014275202354672611,0.014275202354672611,0.6132324188947671,0.009698902467448067,"(0.716, 0.808]"
2022-03-15,14199.3,-0.044966151797334,1.346122105226425,bull,bull,0.126925989985466,0.200378999114036,0.672695040702819,0.672695040702819,16669.0,0.03363129161917322,2,1,-0.01281580537032001,-0.01281580537032001,0.545769050717353,-0.007859067327325886,"(0.574, 0.716]"
2022-03-16,14475.3,0.006763782293148,1.33370586992043,sideways,sideways,0.135973170399665,0.5012576580047601,0.362769156694412,0.5012576580047601,17008.75,-0.0023164547659293433,1,0,0.020382146499489995,0.020382146499489995,0.226795986294747,0.011123944746608674,"(0.344, 0.574]"
2022-03-17,14732.9,-0.00486325473323,1.259236295713712,sideways,sideways,0.11372494697570801,0.818711102008819,0.06756397336721401,0.818711102008819,17322.05,-0.009199257593645038,1,0,0.018419930917909833,0.0,-0.046160973608494,0.004177566400008465,"(0.808, 0.898]"
2022-03-21,14597.9,-0.011153222173675,1.192857216703072,sideways,sideways,0.08250927180051801,0.8843730092048641,0.033117700368165005,0.8843730092048641,17158.65,0.01465733026782412,1,0,-0.009433063638541461,-0.0,-0.049391571432353,0.00043543940166595676,"(0.808, 0.898]"
2022-03-22,14733.5,-0.001514653510302,1.212307968517343,sideways,sideways,0.055909965187311006,0.9118072986602781,0.032282710075378,0.9118072986602781,17362.8,-0.010657843205012951,1,0,0.011897789161734673,0.0,-0.023627255111933004,-0.0005876505032688935,"(0.898, 0.988]"
2022-03-23,14676.25,-0.001866877044553,1.249948974352857,sideways,sideways,0.06672067195177,0.8969867825508111,0.036292523145675,0.8969867825508111,17272.25,-0.018173660061659658,1,0,-0.005215172668002865,-0.0,-0.030428148806095005,0.000123220215079684,"(0.808, 0.898]"
2022-03-24,14682.2,0.006233187698106,1.256385210163736,sideways,sideways,0.06913809478282901,0.8876876235008241,0.043174255639314006,0.8876876235008241,17242.8,-0.002250214582318333,1,0,-0.0017050471131440093,-0.0,-0.025963839143515,5.188142728014862e-05,"(0.808, 0.898]"
2022-03-25,14667.6,0.012836890696534,1.257884918124797,sideways,sideways,0.09291056543588601,0.847854733467102,0.05923463776707601,0.847854733467102,17194.05,-0.008156891482809514,1,0,-0.0028272670331964678,-0.0,-0.03367592766881,7.340670646567598e-05,"(0.808, 0.898]"
2022-03-28,14672.5,0.01165933505247,1.253448228801409,sideways,sideways,0.086030639708042,0.8468549251556391,0.06711445003747901,0.8468549251556391,17268.95,-0.001383986866601683,1,0,0.004356158089571682,0.0,-0.018916189670562994,-0.00014669766473831753,"(0.808, 0.898]"
2022-03-29,14766.65,0.073224000029071,1.254818578424237,sideways,sideways,0.061208073049783006,0.8701835870742791,0.068608373403549,0.8701835870742791,17368.05,-0.013403922720167216,1,0,0.005738623367373075,0.0,0.007400300353765994,-0.00010855288806515398,"(0.808, 0.898]"
2022-03-30,14874.1,0.047929377615578,0.9380322241668431,bear,bear,0.910493910312652,0.06129540875554001,0.028210647404193004,0.910493910312652,17515.4,-0.02461548123365731,0,-1,0.008483969127219382,0.0,-0.882283262908459,6.278391973350137e-05,"(0.898, 0.988]"
2022-03-31,14895.0,0.041266157276978,0.827165690225763,bear,bear,0.8882208466529841,0.067988604307174,0.043790530413389005,0.8882208466529841,17464.75,-0.04364505647089134,0,-1,-0.002891740982221447,0.002891740982221447,-0.8444303162395951,0.0025513346692804502,"(0.808, 0.898]"
2022-04-01,15098.05,0.062281667645827,0.822509945901134,bear,bear,0.9744871854782101,0.018407672643661003,0.007105160038918001,0.9744871854782101,17713.0,-0.05751143228137534,0,-1,0.014214346039880255,-0.014214346039880255,-0.9673820254392921,-0.01200302472159512,"(0.898, 0.988]"
2022-04-04,15375.2,0.087189713021004,0.8232837325624811,bear,bear,0.9546367526054381,0.028782047331333,0.016581229865550003,0.9546367526054381,18098.2,-0.09276060602711866,0,-1,0.021746739682718896,-0.021746739682718896,-0.9380555227398881,-0.021037405080969632,"(0.898, 0.988]"
2022-04-05,15370.5,0.10671097206671701,0.8367604270501501,bear,bear,0.9770767092704771,0.011941695585846,0.010981618426740001,0.9770767092704771,18017.5,-0.09538781739975022,0,-1,-0.004459006973069224,0.004459006973069224,-0.9660950908437371,0.004182796117023257,"(0.898, 0.988]"
2022-04-06,15322.05,0.12855064724621101,0.771521542038193,bear,bear,0.9741988182067871,0.011265770532190002,0.014535432681441002,0.9741988182067871,17867.45,-0.09068725531623145,0,-1,-0.008328014430414865,0.008328014430414865,-0.9596633855253461,0.008045653857699602,"(0.898, 0.988]"
2022-04-07,15215.3,0.10982005441402701,0.6542252896095511,bear,bear,0.9846257567405701,0.008080719970166001,0.007293436676263001,0.9846257567405701,17730.35,-0.08755608321324726,0,-1,-0.0076731710456725555,0.0076731710456725555,-0.977332320064307,0.007363661303405185,"(0.898, 0.988]"
2022-04-08,15354.5,0.09718887555022,0.67769150430525,bear,bear,0.9171127080917351,0.033132445067167005,0.04975489154458,0.9171127080917351,17894.95,-0.11646861265329045,0,-1,0.009283516681847903,-0.009283516681847903,-0.867357816547155,-0.009073080897026109,"(0.898, 0.988]"
2022-04-11,15336.0,0.082519526080066,0.63305830715859,bear,bear,0.8877683281898491,0.047335356473922,0.064896337687969,0.8877683281898491,17723.95,-0.10930689829298779,0,-1,-0.009555768526874897,0.009555768526874897,-0.8228719905018801,0.008288270524900235,"(0.808, 0.898]"
2022-04-12,15160.4,0.065319358998232,0.62605430109429,bear,bear,0.9366566538810731,0.034276220947504,0.029067104682326,0.9366566538810731,17576.8,-0.09866414819534841,0,-1,-0.008302325384578535,0.008302325384578535,-0.9075895491987471,0.006831751015002426,"(0.898, 0.988]"
2022-04-13,15132.55,0.05217578734751,0.666097455643735,bear,bear,0.8884004950523371,0.0516769438982,0.059922568500041004,0.8884004950523371,17519.25,-0.07216633132126082,0,-1,-0.0032742023576531887,0.0032742023576531887,-0.8284779265522961,0.0029716318417679325,"(0.808, 0.898]"
2022-04-18,14935.4,0.051840583690745005,0.6588582363050911,bear,bear,0.9377728700637811,0.033933833241462,0.028293343260884,0.9377728700637811,17229.6,-0.05824569345777031,0,-1,-0.01653324200522288,0.01653324200522288,-0.9094795268028971,0.013697426055674379,"(0.898, 0.988]"
2022-04-19,14639.05,0.011312373491395002,0.658372241920396,bear,bear,0.9569355249404901,0.01691385358572,0.026150560006499003,0.9569355249404901,16969.35,-0.07070983862080737,0,-1,-0.015104819612759446,0.015104819612759446,-0.9307849649339911,0.01373752419385558,"(0.898, 0.988]"
2022-04-20,14867.4,0.009129227782717,0.6733800946532561,bear,bear,0.9648196697235101,0.0127514610067,0.022428844124078,0.9648196697235101,17162.7,-0.05298991417434329,0,-1,0.011394072253798848,-0.011394072253798848,-0.9423908255994321,-0.010605431143207522,"(0.898, 0.988]"
2022-04-21,15064.9,0.031990902801087004,0.654210842884494,bear,bear,0.9780910015106201,0.007513729389756,0.014395328238606002,0.9780910015106201,17410.15,-0.07046464275149844,0,-1,0.0144178946203104,-0.0144178946203104,-0.9636956732720141,-0.013587291614639929,"(0.898, 0.988]"
2022-04-22,14895.05,0.010964808090406002,0.658079620726645,bear,bear,0.9753926396369931,0.009054857306182001,0.015552443452179002,0.9753926396369931,17177.75,-0.062467436072826676,0,-1,-0.013348535193550948,0.013348535193550948,-0.9598401961848141,0.012863925610544256,"(0.898, 0.988]"
2022-04-25,14697.1,0.00142066263521,0.6731546567973371,bear,bear,0.9469048976898191,0.020110346376895002,0.032984748482704,0.9469048976898191,16958.35,-0.05569822535800939,0,-1,-0.012772336307141585,0.012772336307141585,-0.9139201492071151,0.012259401786785203,"(0.898, 0.988]"
2022-04-26,14901.45,0.014933048180790002,0.697398822775651,bear,bear,0.9412703514099121,0.013276045210659,0.045453615486621,0.9412703514099121,17204.0,-0.0600935828877005,0,-1,0.014485489449150402,-0.014485489449150402,-0.8958167359232911,-0.013238580678705626,"(0.898, 0.988]"
2022-04-27,14755.2,0.005972347214268,0.7211010779218361,bear,bear,0.9309310913085931,0.019993450492620003,0.049075476825237004,0.9309310913085931,17053.8,-0.04262393132322417,0,-1,-0.00873052778423622,0.00873052778423622,-0.881855614483356,0.007820952902562094,"(0.898, 0.988]"
2022-04-28,14907.45,0.016012949395127003,0.737473486556364,bear,bear,0.9348512291908261,0.017455747351050002,0.047693006694316004,0.9348512291908261,17245.05,-0.03488537290410865,0,-1,0.011214509376209492,-0.011214509376209492,-0.8871582224965101,-0.00988957805708658,"(0.898, 0.988]"
2022-04-29,14789.55,0.0015507918180490002,0.783109709011064,bear,bear,0.806550920009613,0.048631757497787004,0.14481727778911502,0.806550920009613,17135.25,-0.032544024744313726,0,-1,-0.00636704445623526,0.00636704445623526,-0.661733642220498,0.005648575842349932,"(0.716, 0.808]"
2022-05-02,14732.6,-0.009513180629416002,0.7890271093773851,bear,bear,0.78403216600418,0.08496560901403401,0.131002262234687,0.78403216600418,17084.25,-0.03372404407568386,0,-1,-0.0029763207423294524,0.0029763207423294524,-0.653029903769493,0.001969531565238085,"(0.716, 0.808]"
2022-05-04,14408.4,-0.032668680765357005,0.7844454759617221,bear,sideways,0.526119709014892,0.285389006137847,0.18849129974842002,0.526119709014892,16702.5,-0.00486753480017954,1,-1,-0.022345142455770683,0.022345142455770683,-0.337628409266472,0.014592046227607541,"(0.344, 0.574]"
2022-05-05,14390.15,-0.046886849626276005,0.8330211098128391,sideways,sideways,0.424418896436691,0.41259938478469804,0.162981703877449,0.424418896436691,16694.3,-0.005370096380201472,1,0,-0.0004909444693909082,0.0004909444693909082,-0.261437192559242,0.00016575680023862447,"(0.344, 0.574]"
2022-05-06,14170.85,-0.07833068838128901,0.8048082649282791,sideways,sideways,0.162290900945663,0.785641252994537,0.05206786468625001,0.785641252994537,16419.4,0.009857242042949022,1,0,-0.01646669821436042,-0.0,-0.110223036259413,0.004305007351882672,"(0.716, 0.808]"
2022-05-09,13995.2,-0.089476594775706,0.7591470738190731,sideways,sideways,0.130415186285972,0.821987867355346,0.047596909105777005,0.821987867355346,16298.85,0.008000564457001591,1,0,-0.007341924796277599,-0.0,-0.08281827718019501,0.0008092492430339893,"(0.808, 0.898]"
2022-05-10,13830.4,-0.097353160967364,0.767955526737772,sideways,sideways,0.12873448431491802,0.832108557224273,0.039156984537839,0.832108557224273,16247.1,0.007244369764450198,1,0,-0.0031750706338177226,-0.0,-0.08957749977707902,0.0002629538798182136,"(0.808, 0.898]"
2022-05-11,13807.5,-0.092525287046591,0.776079663541217,sideways,sideways,0.20259055495262102,0.7302885651588441,0.067120872437953,0.7302885651588441,16177.95,0.018389227312483936,1,0,-0.004256144173421683,-0.0,-0.135469682514668,0.000381254753745897,"(0.716, 0.808]"
2022-05-12,13482.65,-0.121908886645608,0.776680667409389,sideways,bull,0.146541118621826,0.522732973098754,0.330725878477096,0.522732973098754,15810.75,0.025843176319908956,2,0,-0.022697560568551656,-0.0,0.18418475985527,0.0030748313240791404,"(0.344, 0.574]"
2022-05-13,13456.65,-0.12254499217527301,0.7848447546265691,sideways,sideways,0.18722516298294,0.657702565193176,0.155072271823883,0.657702565193176,15786.6,-0.001289067943699096,1,0,-0.0015274417722118683,-0.0,-0.03215289115905701,-0.000281331496007751,"(0.574, 0.716]"
2022-05-16,13591.25,-0.10350320572016501,0.783876258024472,sideways,sideways,0.278235673904418,0.662899792194366,0.058864522725343,0.662899792194366,15842.6,-0.006637168141592875,1,0,0.003547312277501158,0.0,-0.219371151179075,-0.00011405634556568136,"(0.574, 0.716]"
2022-05-17,13942.75,-0.07862521518184301,0.8162676279070471,bear,bear,0.790967345237731,0.11688652634620601,0.09214618057012501,0.790967345237731,16254.95,-0.033608223956394845,0,-1,0.02602792470932802,0.0,-0.698821164667606,-0.005709775806287579,"(0.716, 0.808]"
2022-05-18,13928.3,-0.067430400257107,0.912241935612587,bear,bear,0.863904237747192,0.058465477079153005,0.07763024419546101,0.863904237747192,16226.05,-0.054079705165459235,0,-1,-0.0017779199566901882,0.0017779199566901882,-0.786273993551731,0.001242448094820017,"(0.808, 0.898]"
2022-05-19,13569.15,-0.073085343652764,0.9086516529545621,bear,bear,0.8912661671638481,0.035484854131937006,0.073248974978923,0.8912661671638481,15769.45,-0.028548871393739184,0,-1,-0.028139935474129518,0.028139935474129518,-0.8180171921849251,0.02212569944353184,"(0.808, 0.898]"
2022-05-20,13901.75,-0.064950832021738,0.9510024580082431,bear,bear,0.9215319156646721,0.023791359737515002,0.054676800966262006,0.9215319156646721,16253.25,-0.05571808715180038,0,-1,0.03067957347910033,-0.03067957347910033,-0.86685511469841,-0.025096418554804746,"(0.898, 0.988]"
2022-05-23,13818.4,-0.082742002933972,1.011200190508473,bear,bear,0.9292882680892941,0.034722704440355,0.035989042371511,0.9292882680892941,16183.35,-0.033673497761588345,0,-1,-0.0043006783258732195,0.0043006783258732195,-0.8932992257177831,0.0037280650034557956,"(0.898, 0.988]"
2022-05-24,13754.45,-0.07657577517363101,0.977666458193661,bear,bear,0.943416655063629,0.024434277787804003,0.032149098813533006,0.943416655063629,16104.7,-0.04354629393903653,0,-1,-0.004859933202952416,0.004859933202952416,-0.911267556250096,0.0043413745672375385,"(0.898, 0.988]"
2022-05-25,13595.85,-0.074929748045532,0.9706204134058751,bear,bear,0.9508180022239681,0.020708361640572003,0.028473585844039,0.9508180022239681,16013.8,-0.02752938090896595,0,-1,-0.005644315013629608,0.005644315013629608,-0.922344416379929,0.005143481149175981,"(0.898, 0.988]"
2022-05-26,13753.4,-0.077042838113069,0.9630304134222791,bear,bear,0.9432520866394041,0.020679723471403,0.036068141460418,0.9432520866394041,16170.15,-0.02831451779977301,0,-1,0.009763454020907059,-0.009763454020907059,-0.907183945178986,-0.009005267300765792,"(0.898, 0.988]"
2022-05-27,13872.65,-0.059812811754500005,0.9496606371888641,bear,bear,0.9217400550842281,0.030599746853113,0.047660224139690004,0.9217400550842281,16326.9,-0.03009450661178792,0,-1,0.009693787627202077,-0.009693787627202077,-0.8740798309445381,-0.008794048503372422,"(0.898, 0.988]"
2022-05-30,14159.85,-0.050149421933328005,0.9601645826378931,bear,bear,0.9450138211250301,0.021132752299308003,0.033853381872177006,0.9450138211250301,16643.45,-0.047811601560974415,0,-1,0.019388248840870093,-0.019388248840870093,-0.9111604392528531,-0.016946877269138367,"(0.898, 0.988]"
2022-05-31,14117.9,-0.045413822597712004,0.9874806420727221,bear,bear,0.9548503756523131,0.020632576197385,0.024517031386494,0.9548503756523131,16577.6,-0.04811914873081746,0,-1,-0.003956511420408759,0.003956511420408759,-0.9303333442658192,0.0036050166837285746,"(0.898, 0.988]"
2022-06-01,14095.7,-0.043230658539565,1.096500069436307,bear,bear,0.951068758964538,0.031027747318148002,0.017903553321957002,0.951068758964538,16508.1,-0.04409047679623934,0,-1,-0.004192404208087974,0.004192404208087974,-0.933165205642581,0.003900333427424578,"(0.898, 0.988]"
2022-06-02,14174.5,-0.016233585963743,1.149041911975721,bear,bear,0.9138737320899961,0.06019210815429601,0.025934111326932,0.9138737320899961,16621.2,-0.052159290544605774,0,-1,0.006851182146946133,-0.006851182146946133,-0.8879396207630641,-0.006393284797049768,"(0.898, 0.988]"
2022-06-03,14079.85,-0.021563361049050003,1.099659363468387,bear,bear,0.9319790005683891,0.047022141516208,0.020998844876885,0.9319790005683891,16604.65,-0.04623403685112304,0,-1,-0.0009957163141048886,0.0009957163141048886,-0.9109801556915041,0.0008841359663338908,"(0.898, 0.988]"
2022-06-06,14050.1,-0.008521013206688001,1.104182616990966,bear,bear,0.8847141265869141,0.056508094072341,0.058777749538421006,0.8847141265869141,16581.25,-0.04856087448171886,0,-1,-0.0014092437961655824,0.0014092437961655824,-0.8259363770484931,0.0012837931328382086,"(0.808, 0.898]"
2022-06-07,13925.05,-0.005012432834114001,1.075845650901518,bear,bear,0.75794517993927,0.11902487277984601,0.12303000688552801,0.75794517993927,16429.25,-0.02670846204178523,0,-1,-0.009166980776479483,0.009166980776479483,-0.634915173053742,0.007571342890998646,"(0.716, 0.808]"
2022-06-08,13869.85,0.002852412077741,1.078903722095745,sideways,sideways,0.362444788217544,0.34776329994201605,0.289791882038116,0.362444788217544,16364.8,-0.013238780797809935,1,0,-0.003922881446201232,0.003922881446201232,-0.07265290617942799,0.0024906969522841688,"(0.344, 0.574]"
2022-06-09,13979.45,0.012453376787977002,1.0894641304598651,sideways,sideways,0.19546534121036502,0.4189453125,0.385589361190795,0.4189453125,16475.45,-0.015189266454027073,1,0,0.006761463629253228,0.0,0.19012401998043,-0.0004912399826917495,"(0.344, 0.574]"
2022-06-10,13774.35,0.021635212662199,1.099077742734625,sideways,sideways,0.21903505921363803,0.471791625022888,0.309173345565795,0.471791625022888,16219.35,-0.0009772278173909577,1,0,-0.015544340215290053,-0.0,0.09013828635215698,-0.0029553524496744076,"(0.344, 0.574]"
2022-06-13,13434.95,-0.001612585598941,1.056797518548698,sideways,sideways,0.145389929413795,0.479469686746597,0.37514030933380105,0.479469686746597,15766.25,0.017632601284389038,1,0,-0.02793576807948528,-0.0,0.22975037992000605,-0.002518082262616091,"(0.344, 0.574]"
2022-06-14,13394.0,-0.014513013887611,1.126570767431709,sideways,sideways,0.15378177165985102,0.6740310192108151,0.17218719422817202,0.6740310192108151,15737.45,0.015405926627249045,1,0,-0.0018266867517640062,-0.0,0.018405422568321006,-0.0004196819752126222,"(0.574, 0.716]"
2022-06-15,13372.65,-0.040888633877821004,1.113804551651796,sideways,sideways,0.111764319241046,0.646011888980865,0.24222379922866802,0.646011888980865,15708.65,0.01425329356755678,1,0,-0.0018300296426677631,-0.0,0.13045947998762203,-3.3682468885853674e-05,"(0.574, 0.716]"
2022-06-16,13079.4,-0.06094785436844401,1.008734094697937,bull,bull,0.098305337131023,0.16358833014965002,0.738106310367584,0.738106310367584,15348.55,0.046893680510536884,2,1,-0.02292367580918797,-0.0,0.639800973236561,-0.002990610825471493,"(0.716, 0.808]"
2022-06-17,13027.95,-0.039884591149777,1.051614184137664,bull,bull,0.08220308274030601,0.082564890384674,0.835232079029083,0.835232079029083,15319.25,0.06403707753316912,2,1,-0.0019089751149130585,-0.0019089751149130585,0.7530289962887771,-0.0012213641364057508,"(0.808, 0.898]"
2022-06-20,12968.8,-0.067110255903033,0.9884467935006651,bull,bull,0.10567857325077001,0.14690767228603302,0.747413754463195,0.747413754463195,15347.65,0.06511094532387696,2,1,0.0018538766584526023,0.0018538766584526023,0.641735181212425,0.001396022879357755,"(0.716, 0.808]"
2022-06-21,13240.6,-0.041813813466103,0.8754264379724881,bull,bull,0.10333046317100501,0.12078121304512,0.7758883237838741,0.7758883237838741,15638.4,0.056348475547370436,2,1,0.018944268340755688,0.018944268340755688,0.672557860612869,0.012157203476591657,"(0.716, 0.808]"
2022-06-22,13035.2,-0.052292167262231,0.9524201566590861,bull,bull,0.20543122291564903,0.036849308758974006,0.7577195167541501,0.7577195167541501,15403.4,0.0775218458262461,2,1,-0.015027112748107196,-0.015027112748107196,0.552288293838501,-0.010106602801055348,"(0.716, 0.808]"
2022-06-23,13190.35,-0.029825277566316002,0.9777129019448091,bull,bull,0.153689101338386,0.029368603602051003,0.8169423341751091,0.8169423341751091,15572.95,0.07382352091286482,2,1,0.011007310074399257,0.011007310074399257,0.6632532328367231,0.006079208500741309,"(0.808, 0.898]"
2022-06-24,13317.9,-0.031664897407186005,0.984438705128954,bull,bull,0.12270908802747701,0.025117497891187,0.8521733880043031,0.8521733880043031,15712.3,0.05854012461574687,2,1,0.008948208271393643,0.008948208271393643,0.729464299976826,0.005934928064098139,"(0.808, 0.898]"
2022-06-27,13443.5,-0.030934969165948,0.970569966414457,bull,bull,0.19403997063636702,0.027112582698464,0.7788473963737481,0.7788473963737481,15835.55,0.04140999207479368,2,1,0.00784417303641094,0.00784417303641094,0.5848074257373811,0.0057220441929026,"(0.716, 0.808]"
2022-06-28,13477.1,-0.048217318686285,0.9672189863181161,bull,bull,0.165805846452713,0.022447830066084,0.8117462992668151,0.8117462992668151,15847.7,0.05083387494715308,2,1,0.0007672610045121875,0.0007672610045121875,0.6459404528141021,0.0004486999329174495,"(0.808, 0.898]"
2022-06-29,13402.35,-0.050683883580419004,0.883890454985075,bull,bull,0.15392893552780101,0.023700477555394003,0.822370648384094,0.822370648384094,15779.9,0.07285850987648845,2,1,-0.004278223338402443,-0.004278223338402443,0.668441712856293,-0.002763477520447533,"(0.808, 0.898]"
2022-06-30,13356.55,-0.052437977539249,0.887621659797848,bull,bull,0.148007914423942,0.023026918992400003,0.828965187072753,0.828965187072753,15780.25,0.09008729266012883,2,1,2.2180115209824436e-05,2.2180115209824436e-05,0.680957272648811,1.482611420220496e-05,"(0.808, 0.898]"
2022-07-01,13402.3,-0.054478112102719,0.891118693620743,bull,bull,0.085392609238624,0.011382658965885,0.903224766254425,0.903224766254425,15754.25,0.10308646873065985,2,1,-0.0016476291566990264,-0.0016476291566990264,0.817832157015801,-0.0011219650568824295,"(0.898, 0.988]"
2022-07-04,13468.45,-0.043423758065604,0.884915317532717,bull,bull,0.094085231423377,0.024267958477139,0.881646871566772,0.881646871566772,15836.95,0.09530559861589505,2,1,0.005249377152197088,0.005249377152197088,0.787561640143395,0.004293109439370807,"(0.808, 0.898]"
2022-07-05,13454.65,-0.042380481277713,0.9000046981931331,bull,bull,0.14702624082565302,0.034824550151824,0.8181492090225221,0.8181492090225221,15776.05,0.10339089949638858,2,1,-0.0038454374106126066,-0.0038454374106126066,0.6711229681968691,-0.0030285189941708346,"(0.808, 0.898]"
2022-07-06,13643.2,-0.020240501829436,0.9206465957496891,bull,bull,0.27156916260719305,0.024212559685111,0.7042182683944701,0.7042182683944701,15990.45,0.08738966070373233,2,1,0.013590220619229765,0.013590220619229765,0.43264910578727706,0.009120709200427773,"(0.574, 0.716]"
2022-07-07,13767.7,-0.007364895799161,0.940503824757528,bull,bull,0.25219076871871904,0.024045016616582003,0.7237641811370851,0.7237641811370851,16148.15,0.07852292677489392,2,1,0.009862136462701176,0.009862136462701176,0.47157341241836603,0.004266844521739764,"(0.716, 0.808]"
2022-07-08,13825.05,-0.011044783593059,0.94891897063687,bull,bull,0.18624070286750702,0.031102603301405,0.7826566696166991,0.7826566696166991,16225.2,0.08212841752335875,2,1,0.004771444406944436,0.004771444406944436,0.5964159667491921,0.0022500863211473146,"(0.716, 0.808]"
2022-07-11,13873.4,0.007190901930036001,0.9405634575085081,bull,bull,0.080572873353958,0.028726285323500002,0.8907008171081541,0.8907008171081541,16203.5,0.0836084796494585,2,1,-0.0013374257328107042,-0.0013374257328107042,0.8101279437541961,-0.0007976620613895427,"(0.808, 0.898]"
2022-07-12,13760.8,0.024253904927074,0.909504436556374,bull,bull,0.09672767668962401,0.027526356279850003,0.8757460117340081,0.8757460117340081,16044.25,0.10226093460273944,2,1,-0.009828123553553225,-0.009828123553553225,0.7790183350443841,-0.007962037525402256,"(0.808, 0.898]"
2022-07-13,13732.25,0.025253845005226,0.799253189538437,bull,bull,0.039174500852823,0.024944685399532002,0.9358808398246761,0.9358808398246761,15979.9,0.10845812552018463,2,1,-0.004010782679153002,-0.004010782679153002,0.896706338971853,-0.003124473244938626,"(0.898, 0.988]"
2022-07-14,13715.55,0.02564188848134,0.8020004430892851,bull,bull,0.048720158636569005,0.037870399653911,0.91340947151184,0.91340947151184,15932.55,0.12038876388274322,2,1,-0.002963097391097569,-0.002963097391097569,0.8646893128752711,-0.00265702821358815,"(0.898, 0.988]"
2022-07-15,13789.4,0.054283835649953004,0.801591949980302,bull,bull,0.033193252980709,0.014029837213456001,0.952776908874511,0.952776908874511,16068.3,0.11860619978466924,2,1,0.008520293361703013,0.008520293361703013,0.9195836558938021,0.007367406612426712,"(0.898, 0.988]"
2022-07-18,13986.1,0.07354572284971901,0.681527359835284,bull,bull,0.038378354161977005,0.016626507043838,0.94499522447586,0.94499522447586,16300.25,0.10307203877241133,2,1,0.01443525450732186,0.01443525450732186,0.906616870313883,0.013274424113600521,"(0.898, 0.988]"
2022-07-19,14041.8,0.082737030411448,0.7055609667403151,bull,bull,0.048159837722778,0.029997002333402002,0.921843171119689,0.921843171119689,16346.95,0.08641061482417212,2,1,0.002864986733332353,0.002864986733332353,0.8736833333969111,0.0025974453056645734,"(0.898, 0.988]"
2022-07-20,14143.2,0.068169116203193,0.6991778174938611,bull,bull,0.052781615406274004,0.050721887499094,0.8964964747428891,0.8964964747428891,16519.6,0.05887854427467998,2,1,0.010561603234854111,0.010561603234854111,0.843714859336615,0.009227496720242938,"(0.808, 0.898]"
2022-07-21,14277.35,0.09529197864244501,0.6278830983306211,bull,bull,0.027203194797039,0.061614748090505,0.911182045936584,0.911182045936584,16597.5,0.05953004970628095,2,1,0.00471561054747105,0.00471561054747105,0.883978851139545,0.003978630689745795,"(0.898, 0.988]"
2022-07-22,14327.05,0.086176636707896,0.524541987879465,bull,bull,0.008276454173028,0.104796648025512,0.8869268894195551,0.8869268894195551,16722.6,0.053499455826247155,2,1,0.00753727971079976,0.00753727971079976,0.8786504352465271,0.006662795859470174,"(0.808, 0.898]"
2022-07-25,14262.1,0.070897063350828,0.5086558490849861,bull,bull,0.011484283022582,0.084880776703357,0.9036349654197691,0.9036349654197691,16632.1,0.05353202542072277,2,1,-0.0054118378721011995,-0.0054118378721011995,0.8921506823971871,-0.004755113701805358,"(0.898, 0.988]"
2022-07-26,14124.9,0.05068620522929201,0.5251118152162451,bull,bull,0.009581239894032001,0.036260299384593006,0.9541584253311151,0.9541584253311151,16491.3,0.07048868191106838,2,1,-0.008465557566392667,-0.008465557566392667,0.944577185437083,-0.007552552959729889,"(0.898, 0.988]"
2022-07-27,14260.3,0.058113392347018004,0.5628022046572371,bull,bull,0.037497822195291006,0.06526580452919001,0.8972363471984861,0.8972363471984861,16653.3,0.043051527324914574,2,1,0.009823361408742848,0.009823361408742848,0.8597385250031951,0.009278923071001578,"(0.808, 0.898]"
2022-07-28,14464.15,0.079224912049006,0.579271468209236,bull,bull,0.075427189469337,0.12555290758609702,0.7990199327468871,0.7990199327468871,16929.6,0.05303728381060391,2,1,0.016591306227594416,0.016591306227594416,0.7235927432775501,0.01426418514398835,"(0.716, 0.808]"
2022-07-29,14663.6,0.097858354140852,0.588198737324068,bull,bull,0.07808700203895501,0.20957602560520103,0.7123369574546811,0.7123369574546811,17201.85,0.022703953353854445,2,1,0.016081301389282654,0.016081301389282654,0.634249955415726,0.011636312987744113,"(0.574, 0.716]"
2022-08-01,14841.85,0.10741066831812401,0.5934505454475351,sideways,sideways,0.0634101703763,0.78123939037323,0.15535047650337203,0.78123939037323,17378.3,0.010613811477532265,1,0,0.010257617639963135,0.010257617639963135,0.09194030612707202,0.006505893530818183,"(0.716, 0.808]"
2022-08-02,14836.6,0.101581844978449,0.6224455757835441,sideways,bull,0.065040923655033,0.7866438627243041,0.14831519126892,0.7866438627243041,17346.3,0.02096700737333035,2,0,-0.0018413768895692018,-0.0,0.08327426761388701,-0.00016929675492230808,"(0.716, 0.808]"
2022-08-03,14880.0,0.105937352513814,0.63024263472355,sideways,sideways,0.143505871295928,0.678718864917755,0.17777532339096003,0.678718864917755,17407.15,0.015844064077117803,1,0,0.003507952704611572,0.0,0.034269452095032016,0.0002921221923006828,"(0.574, 0.716]"
2022-08-04,14879.2,0.090594581916265,0.631157363476332,sideways,sideways,0.137378260493278,0.656748950481414,0.205872803926467,0.656748950481414,17387.85,0.015137006587933488,1,0,-0.0011087397994503645,-0.0,0.068494543433189,-3.799590544311967e-05,"(0.574, 0.716]"
2022-08-05,14889.4,0.081473303456641,0.6167145411778191,sideways,bull,0.189495220780372,0.45753541588783203,0.35296943783760004,0.45753541588783203,17416.15,0.02343801586458527,2,0,0.0016275732767423445,0.0,0.16347421705722803,0.00011147988849452626,"(0.344, 0.574]"
2022-08-08,14995.1,0.08463260530703301,0.6183691269153611,sideways,sideways,0.16877147555351202,0.5221729278564451,0.309055596590042,0.5221729278564451,17557.75,0.017581979467756526,1,0,0.008130384729116313,0.0,0.14028412103652999,0.0013291082779663323,"(0.344, 0.574]"
2022-08-10,14976.05,0.079479435466432,0.620734181994653,bull,bull,0.164386346936225,0.321570396423339,0.514043271541595,0.514043271541595,17558.25,0.023128728660316344,2,1,2.8477452976627404e-05,0.0,0.34965692460537,3.99493446018529e-06,"(0.344, 0.574]"
2022-08-11,15082.65,0.09605909540143001,0.656236602552979,sideways,bull,0.17040140926837902,0.335079818964004,0.494518727064132,0.494518727064132,17684.95,0.02378010681398579,2,0,0.007215981091509782,0.007215981091509782,0.32411731779575303,0.0025231177564678116,"(0.344, 0.574]"
2022-08-12,15141.2,0.102601540170037,0.6085655367138451,sideways,sideways,0.20507843792438502,0.7215920090675351,0.073329553008079,0.7215920090675351,17713.05,0.017351613640790298,1,0,0.001588921653722375,0.0,-0.131748884916306,0.0005149970245920885,"(0.716, 0.808]"
2022-08-16,15281.75,0.11419155629923701,0.595748899086738,sideways,sideways,0.24091085791587802,0.706944465637207,0.052144698798656006,0.706944465637207,17850.65,0.0023052381846038195,1,0,0.00776828383592898,0.0,-0.188766159117222,-0.0010234627330970073,"(0.574, 0.716]"
2022-08-17,15366.25,0.11435232860022901,0.612717843230974,bear,bear,0.77167809009552,0.18195816874504,0.046363718807697005,0.77167809009552,17974.1,-0.022696546697748232,0,-1,0.00691571455381168,0.0,-0.7253143712878231,-0.0013054528738741036,"(0.716, 0.808]"
2022-08-18,15409.95,0.10180464890140901,0.6123157044373201,sideways,sideways,0.22627913951873702,0.669172465801239,0.10454840213060301,0.669172465801239,17980.35,-0.019596392728728818,1,0,0.00034772255634485383,-0.00034772255634485383,-0.121730737388134,-0.0002522081673378623,"(0.574, 0.716]"
2022-08-19,15209.6,0.083165975872039,0.617576288759072,sideways,sideways,0.373583406209945,0.545460402965545,0.080956228077411,0.545460402965545,17759.5,0.0037247670260986965,1,0,-0.012282853225882628,-0.0,-0.292627178132534,0.0014952007804169129,"(0.344, 0.574]"
2022-08-22,15002.9,0.060785395101532004,0.7549536700939431,bear,sideways,0.517184555530548,0.40236106514930703,0.08045442402362801,0.517184555530548,17492.25,0.013674627334962608,1,-1,-0.015048284017004976,-0.0,-0.43673013150691997,0.0044035368876330794,"(0.344, 0.574]"
2022-08-23,15128.25,0.05959789456726901,0.836875031105281,bear,sideways,0.518326997756958,0.411068618297576,0.070604346692562,0.518326997756958,17585.55,0.0035284651318838733,1,-1,0.005333790678729189,-0.005333790678729189,-0.447722651064396,-0.0023294271045517824,"(0.344, 0.574]"
2022-08-24,15138.15,0.0566131897355,0.8315662868554441,bear,sideways,0.5815571546554561,0.354989945888519,0.063452906906604,0.5815571546554561,17617.25,-0.015972981027118416,1,-1,0.0018026163526305705,-0.0018026163526305705,-0.5181042477488521,-0.0008070721722517912,"(0.574, 0.716]"
2022-08-25,15090.6,0.058091024463438,0.8461418168764471,bear,bear,0.9101920127868651,0.055474061518907006,0.034333944320678,0.9101920127868651,17522.45,-0.028175283707472465,0,-1,-0.005381089557110141,0.005381089557110141,-0.8758580684661871,0.0027879653570557533,"(0.898, 0.988]"
2022-08-26,15165.35,0.073660698482821,0.8461555656613491,bear,bear,0.8592392206192011,0.081766925752162,0.058993864804506004,0.8592392206192011,17653.75,-0.035975359342915736,0,-1,0.007493244380780029,-0.007493244380780029,-0.8002453558146951,-0.006563018549895106,"(0.808, 0.898]"
2022-08-29,14992.7,0.05135936831623401,0.7943566504691001,bear,bear,0.8772175908088681,0.07228653877973501,0.050495840609073,0.8772175908088681,17370.25,-0.02944977763705181,0,-1,-0.016058910996247233,0.016058910996247233,-0.8267217501997951,0.012851068944188387,"(0.808, 0.898]"
2022-08-30,15314.75,0.058807465353995,0.86887473873746,bear,bear,0.82776927947998,0.12915402650833102,0.043076694011688,0.82776927947998,17827.5,-0.05576777450567949,0,-1,0.026323743181589254,-0.026323743181589254,-0.784692585468292,-0.021762411034893393,"(0.808, 0.898]"
2022-09-01,15224.2,0.038230720968929,0.9064219044711761,bear,bear,0.8371469378471371,0.100283794105052,0.062569305300712,0.8371469378471371,17592.4,-0.02780746231327169,0,-1,-0.013187491235450821,0.013187491235450821,-0.7745776325464251,0.010348126593386346,"(0.808, 0.898]"
2022-09-02,15191.25,0.023541539632862003,0.8827366231066011,bear,bear,0.8564354777336121,0.074883170425891,0.068681389093399,0.8564354777336121,17562.75,-0.03798380094233522,0,-1,-0.001685386871603689,0.001685386871603689,-0.787754088640213,0.0013054629729316112,"(0.808, 0.898]"
2022-09-05,15288.2,0.030438240567245003,0.851352304090617,bear,bear,0.773716509342193,0.146751224994659,0.079532280564308,0.773716509342193,17710.0,-0.023546019198193102,0,-1,0.008384222288650767,-0.008384222288650767,-0.694184228777885,-0.006604705387953045,"(0.716, 0.808]"
2022-09-06,15311.7,0.029012096774193002,0.861694320573358,bear,bear,0.7265050411224361,0.19090141355991302,0.08259355276823001,0.7265050411224361,17682.95,-0.020217214887787383,0,-1,-0.0015273856578204015,0.0015273856578204015,-0.6439114883542061,0.0010602870349204578,"(0.716, 0.808]"
2022-09-07,15323.0,0.029826872412495,0.8619469776441541,bear,sideways,0.6490289568901061,0.253514766693115,0.09745625406503601,0.6490289568901061,17651.05,-0.018253871582710413,1,-1,-0.0018039976361411414,0.0018039976361411414,-0.5515727028250701,0.001161614802875112,"(0.574, 0.716]"
2022-09-08,15441.75,0.03709686085403,0.870106411865575,bear,bear,0.772737205028533,0.15021179616451202,0.077050969004631,0.772737205028533,17824.35,-0.03348789717437084,0,-1,0.009818112803487544,-0.009818112803487544,-0.695686236023902,-0.005415403015661051,"(0.716, 0.808]"
2022-09-09,15462.8,0.031190188795006003,0.8816298187707111,bear,bear,0.803543627262115,0.10647202283143901,0.08998433500528301,0.803543627262115,17866.45,-0.04971608797494742,0,-1,0.0023619374619552325,-0.0023619374619552325,-0.713559292256832,-0.0016431673826314839,"(0.716, 0.808]"
2022-09-12,15573.8,0.039913728920509005,0.8751659436480711,bear,bear,0.8104358315467831,0.11396076530218101,0.075603388249874,0.8104358315467831,17964.35,-0.04729088444613916,0,-1,0.005479544061634867,-0.005479544061634867,-0.7348324432969091,-0.003909979582510302,"(0.808, 0.898]"
2022-09-13,15667.5,0.038776342353631005,0.903250412384838,bear,bear,0.7554996013641351,0.11294177919626201,0.13155859708786,0.7554996013641351,18105.5,-0.0604595288724421,0,-1,0.007857228343914446,-0.007857228343914446,-0.6239410042762751,-0.005773746301500379,"(0.716, 0.808]"
2022-09-14,15626.8,0.032071434232425006,0.97110902454568,bear,bear,0.8492109179496761,0.08856253325939101,0.06222654879093101,0.8492109179496761,18020.4,-0.04577589842622809,0,-1,-0.004700229212117768,0.004700229212117768,-0.786984369158745,0.002932665734937445,"(0.808, 0.898]"
2022-09-15,15573.05,0.019061952983133002,0.9765265319163621,bear,bear,0.7916772365570061,0.12355806678533501,0.08476469665765701,0.7916772365570061,17891.8,-0.03305983746744323,0,-1,-0.0071363565736610735,0.0071363565736610735,-0.706912539899349,0.005616201076214523,"(0.716, 0.808]"
2022-09-16,15264.1,-0.006647685674774,0.958981626834653,bear,sideways,0.7342696785926811,0.201190993189811,0.06453929841518401,0.7342696785926811,17566.15,-0.0036519100656661196,1,-1,-0.0182010753529549,0.0182010753529549,-0.6697303801774971,0.012866568406656786,"(0.716, 0.808]"
2022-09-19,15299.55,-0.007164202349780001,1.100579739504145,bear,sideways,0.647377014160156,0.294598221778869,0.058024715632200005,0.647377014160156,17628.0,-0.007564669843430849,1,-1,0.0035209764234052088,-0.0035209764234052088,-0.589352298527956,-0.0023581048786431745,"(0.574, 0.716]"
2022-09-20,15451.55,0.015907716179255002,1.105110907243511,sideways,sideways,0.39213433861732405,0.5467063784599301,0.06115930154919601,0.5467063784599301,17825.65,-0.01598539183704384,1,0,0.011212275924665338,-0.011212275924665338,-0.33097503706812803,-0.006607980587931181,"(0.344, 0.574]"
2022-09-21,15358.8,0.023722080397789003,1.078269616322657,bear,sideways,0.52962177991867,0.41999691724777205,0.050381317734718004,0.52962177991867,17731.45,-0.009418293484176443,1,-1,-0.005284519779082397,-0.0,-0.479240462183952,0.0017490441297690522,"(0.344, 0.574]"
2022-09-22,15344.1,0.014268008527093002,1.056138659425281,bear,sideways,0.5512284636497491,0.360670000314712,0.08810153603553701,0.5512284636497491,17647.6,0.0004164872277252485,1,-1,-0.004728885680528205,0.004728885680528205,-0.4631269276142121,0.0022662733591514096,"(0.344, 0.574]"
2022-09-23,15056.45,-0.005396960658997,1.081386395195283,sideways,bull,0.41284200549125605,0.266852796077728,0.320305168628692,0.41284200549125605,17335.85,0.02313702529728867,2,0,-0.017665291597724342,0.017665291597724342,-0.09253683686256403,0.008181272223063231,"(0.344, 0.574]"
2022-09-26,14721.7,-0.024445681417571002,1.156705727551007,sideways,bull,0.14485120773315402,0.360599398612976,0.494549453258514,0.494549453258514,17028.75,0.04706452323276822,2,0,-0.017714735648958535,-0.0,0.34969824552536,0.0016392656028111233,"(0.344, 0.574]"
2022-09-27,14753.85,-0.027134223740302003,1.220647323037053,bull,bull,0.09653382748365401,0.237688764929771,0.6657774448394771,0.6657774448394771,17018.65,0.060662861037743765,2,1,-0.0005931145856271636,-0.0,0.5692436173558231,-0.00020741112998932,"(0.574, 0.716]"
2022-09-28,14594.15,-0.026582937029354003,1.221800558812316,bull,bull,0.10342002660036001,0.16058847308158802,0.735991477966308,0.735991477966308,16858.7,0.08022564017391609,2,1,-0.009398512808007742,-0.009398512808007742,0.6325714513659481,-0.005350043428595361,"(0.716, 0.808]"
2022-09-29,14617.9,-0.045501885437241006,1.198719070198097,bull,bull,0.085661366581916,0.304556965827941,0.609781622886657,0.609781622886657,16833.3,0.07802688718195494,2,1,-0.0015066404882939644,-0.0015066404882939644,0.524120256304741,-0.0009530577603668137,"(0.574, 0.716]"
2022-09-30,14837.45,-0.025403633688469002,1.049776137424054,sideways,bull,0.206853449344635,0.390103042125701,0.40304350852966303,0.40304350852966303,17103.2,0.059380700687590604,2,0,0.016033695116228097,0.016033695116228097,0.19619005918502802,0.008403584393829544,"(0.344, 0.574]"
2022-10-03,14632.15,-0.036804081296799004,1.110300435232627,sideways,bull,0.12699854373931801,0.5757982134819031,0.297203242778778,0.5757982134819031,16895.65,0.07684522347468126,2,0,-0.012135155994199898,-0.0,0.17020469903946,-0.0023807969727216256,"(0.574, 0.716]"
2022-10-04,14965.35,-0.021117593961355003,1.125802994223309,sideways,bull,0.41763716936111406,0.15532425045967102,0.42703860998153603,0.42703860998153603,17293.0,0.05615856126756502,2,0,0.023517887740335475,0.0,0.009401440620421975,0.0040028550048876056,"(0.344, 0.574]"
2022-10-06,15042.9,-0.017555202884069,1.206936046519309,bull,bull,0.20843943953514102,0.063146449625492,0.7284141182899471,0.7284141182899471,17325.45,0.05144743715170441,2,1,0.001876481813450681,0.0,0.5199746787548061,1.7641632344458323e-05,"(0.716, 0.808]"
2022-10-07,15037.2,-0.018651700058735,1.21364568310874,bull,bull,0.15276497602462702,0.043255198746919,0.803979814052581,0.803979814052581,17328.85,0.044076785245414696,2,1,0.00019624309902477322,0.00019624309902477322,0.651214838027954,0.00010204144237325404,"(0.716, 0.808]"
2022-10-10,14961.25,-0.031116939466057,1.2302092491852301,bull,bull,0.198530420660972,0.051603443920612,0.749866068363189,0.749866068363189,17227.45,0.06945601351331732,2,1,-0.005851513516476725,-0.005851513516476725,0.551335647702217,-0.003810592426850774,"(0.716, 0.808]"
2022-10-11,14700.9,-0.049273094135602005,1.217042028066142,bull,bull,0.17483551800251002,0.087140798568725,0.7380236387252801,0.7380236387252801,16978.2,0.08251758136904974,2,1,-0.014468188849771746,-0.014468188849771746,0.56318812072277,-0.007976828270566899,"(0.716, 0.808]"
2022-10-12,14834.55,-0.047467541640447,1.231198437686957,bull,bull,0.148905709385871,0.046536099165678003,0.8045582175254821,0.8045582175254821,17114.8,0.0787184191460022,2,1,0.00804561143112914,0.00804561143112914,0.6556525081396111,0.004531192781963257,"(0.716, 0.808]"
2022-10-13,14732.35,-0.059687250678155,1.233450751160894,bull,bull,0.18081830441951702,0.060907598584890005,0.7582740783691401,0.7582740783691401,17010.85,0.08471064056175903,2,1,-0.006073690606960058,-0.006073690606960058,0.5774557739496231,-0.003982230480117359,"(0.716, 0.808]"
2022-10-14,14825.05,-0.051306089538485006,1.223800160846311,bull,bull,0.23836857080459503,0.06854157894849701,0.693089842796325,0.693089842796325,17195.5,0.06879125352563187,2,1,0.010854836765946452,0.010854836765946452,0.45472127199172996,0.006268188165776433,"(0.574, 0.716]"
2022-10-17,14915.2,-0.042242849024436,1.239608172069335,bull,bull,0.34843495488166804,0.068779721856117,0.582785308361053,0.582785308361053,17300.3,0.06101628295463102,2,1,0.006094617777906874,0.006094617777906874,0.234350353479385,0.002771352348273225,"(0.574, 0.716]"
2022-10-18,15061.95,-0.013243492901645,1.252303789395065,bull,bull,0.271946042776107,0.055952057242393,0.672101914882659,0.672101914882659,17502.0,0.0394354930865044,2,1,0.011658757362589034,0.011658757362589034,0.400155872106552,0.0027322339090531224,"(0.574, 0.716]"
2022-10-19,15072.45,-0.014843573830602001,1.198074686439792,bull,bull,0.37563127279281605,0.06466717272996901,0.5597015619277951,0.5597015619277951,17494.65,0.044948026968244514,2,1,-0.00041995200548505807,-0.00041995200548505807,0.18407028913497903,-0.00016804626099776893,"(0.344, 0.574]"
2022-10-20,15115.45,-0.021751863081697003,1.214621678329419,bull,bull,0.24052909016609103,0.08158779144287101,0.677883148193359,0.677883148193359,17540.7,0.042532510105069976,2,1,0.002632233282746421,0.002632233282746421,0.437354058027268,0.00048451594142584877,"(0.574, 0.716]"
2022-10-21,15082.45,-0.017992942156939,1.19189989312671,bull,bull,0.31492468714714,0.105898395180702,0.5791769027709961,0.5791769027709961,17564.45,0.05235859932989628,2,1,0.001353993854293245,0.001353993854293245,0.2642522156238561,0.0005921747067191321,"(0.574, 0.716]"
2022-10-25,15146.55,-0.012874655405009,1.189088744635854,bull,bull,0.35917162895202603,0.132020369172096,0.508807957172393,0.508807957172393,17654.95,0.0561400627019617,2,1,0.005152452823743436,0.005152452823743436,0.149636328220367,0.0013615470745715968,"(0.344, 0.574]"
2022-10-27,15262.25,0.013668560650086,1.201460790491797,bull,bull,0.094631068408489,0.035077158361673,0.8702918291091911,0.8702918291091911,17736.95,0.05396361832220298,2,1,0.0046445897609452835,0.0046445897609452835,0.7756607607007021,0.0006949993579177643,"(0.808, 0.898]"
2022-10-28,15247.05,0.035685416765726,1.126533262457044,bull,bull,0.270631283521652,0.103449344635009,0.6259193420410151,0.6259193420410151,17830.2,0.05066684613745198,2,1,0.005257386416492205,0.005257386416492205,0.35528805851936307,0.0040779483471138816,"(0.574, 0.716]"
2022-10-31,15428.35,0.045716880678602,0.9861633705783981,sideways,bull,0.41239371895790106,0.09030397981405201,0.49730232357978804,0.49730232357978804,18051.05,0.04561784494530796,2,0,0.012386288431986081,0.012386288431986081,0.08490860462188698,0.00440070036926118,"(0.344, 0.574]"
2022-11-01,15534.2,0.06441279553793801,1.014232289782521,bull,bull,0.301502525806427,0.150262206792831,0.5482352375984191,0.5482352375984191,18211.2,0.040475092250922495,2,1,0.008872060074067711,0.0,0.24673271179199208,0.0007533142410106446,"(0.344, 0.574]"
2022-11-02,15486.7,0.059433981625267,0.9721087527676471,bull,bull,0.277971595525741,0.14997680485248502,0.572051584720611,0.572051584720611,18146.75,0.03668976538498625,2,1,-0.0035390309260235897,-0.0035390309260235897,0.29407998919487,-0.0008731946974935252,"(0.344, 0.574]"
2022-11-03,15481.5,0.043407054446687,0.9960153147660881,bull,bull,0.283626347780227,0.15016496181488,0.566208720207214,0.566208720207214,18118.8,0.03857595425745641,2,1,-0.0015402207006764979,-0.0015402207006764979,0.282582372426987,-0.00045294808701265956,"(0.344, 0.574]"
2022-11-04,15536.95,0.06183643552041201,0.9664180832711771,bull,bull,0.25332140922546303,0.21096050739288302,0.535718083381652,0.535718083381652,18194.0,0.031732988897438696,2,1,0.004150385235225373,0.004150385235225373,0.282396674156189,0.0011728257062559246,"(0.344, 0.574]"
2022-11-07,15614.75,0.043393572485775,0.891753950456531,bull,bull,0.17801603674888603,0.201090529561042,0.620893418788909,0.620893418788909,18264.15,0.022234815198079128,2,1,0.0038556667033089465,0.0038556667033089465,0.442877382040023,0.001088827453669204,"(0.574, 0.716]"
2022-11-09,15539.3,0.032998956318263,0.738806407349838,bull,bull,0.12676665186882,0.10984838008880601,0.763384997844696,0.763384997844696,18216.8,0.027631087787097774,2,1,-0.0025925104644892727,-0.0025925104644892727,0.6366183459758761,-0.0011481642474243732,"(0.716, 0.808]"
2022-11-10,15444.8,0.027106110180086,0.75009292380601,bull,bull,0.25962331891059803,0.10766849666833801,0.6327081322669981,0.6327081322669981,18092.65,0.027138091987630286,2,1,-0.006815137675112992,-0.006815137675112992,0.37308481335640004,-0.004338641674328311,"(0.574, 0.716]"
2022-11-11,15648.35,0.045925307043194,0.7677515350478631,bull,sideways,0.25803098082542403,0.24081985652446702,0.5011491775512691,0.5011491775512691,18424.0,0.009834997828918945,1,1,0.018314066761917047,0.018314066761917047,0.24311819672584506,0.0068327001796664715,"(0.344, 0.574]"
2022-11-14,15641.15,0.06395866919712301,0.7881505652452641,sideways,sideways,0.107470676302909,0.39315569400787304,0.49937355518341003,0.49937355518341003,18379.2,0.017663989727517926,1,0,-0.002431610942249196,-0.002431610942249196,0.391902878880501,-0.0005911688674184575,"(0.344, 0.574]"
2022-11-15,15705.45,0.058707544212665004,0.630558025932197,sideways,sideways,0.304792255163192,0.583872616291046,0.11133509874343801,0.583872616291046,18462.05,0.015537277821260576,1,0,0.0045078131801166155,0.0,-0.19345715641975403,0.001766624962743168,"(0.574, 0.716]"
2022-11-16,15657.7,0.06281075320637901,0.612547927955161,sideways,sideways,0.189396038651466,0.719006776809692,0.09159719198942101,0.719006776809692,18451.85,0.0008210558832855153,1,0,-0.0005524846915700987,-0.0,-0.097798846662045,0.00010688211739659614,"(0.716, 0.808]"
2022-11-17,15586.9,0.051389371368056005,0.5847400463108451,sideways,sideways,0.23156143724918302,0.7354136705398561,0.033024862408638,0.7354136705398561,18378.4,-0.002706982109432765,1,0,-0.0039806306684694315,-0.0,-0.19853657484054502,0.0003893010883638756,"(0.716, 0.808]"
2022-11-18,15548.7,0.042473449903454,0.6028647960890581,sideways,sideways,0.29239916801452603,0.635303199291229,0.07229761779308301,0.635303199291229,18355.9,0.007812202071268537,1,0,-0.0012242632655726782,-0.0,-0.220101550221443,0.00024306103544990005,"(0.574, 0.716]"
2022-11-21,15449.9,0.025756957100508,0.6102802840131191,bear,sideways,0.571533441543579,0.38246479630470204,0.046001762151718,0.571533441543579,18192.2,0.012738976044678552,1,-1,-0.008918113522082827,-0.0,-0.525531679391861,0.001962890611261243,"(0.344, 0.574]"
2022-11-22,15513.25,0.029245411329942003,0.607316218934978,sideways,sideways,0.38088068366050704,0.570572197437286,0.048547185957431,0.570572197437286,18281.0,-0.00027897817406041803,1,0,0.004881212827475556,-0.004881212827475556,-0.332333497703076,-0.0025652319746923232,"(0.344, 0.574]"
2022-11-23,15525.5,0.027127872474851003,0.610424766277723,bear,sideways,0.506438672542572,0.444713979959487,0.04884734749794,0.506438672542572,18286.75,-0.006365264467442344,1,-1,0.000314534215852591,0.0,-0.457591325044632,-0.00010453025610158586,"(0.344, 0.574]"
2022-11-24,15696.45,0.040709566416596,0.620289501654214,bear,bear,0.8619939684867851,0.113864459097385,0.024141579866409003,0.8619939684867851,18484.1,-0.03355316190671964,0,-1,0.010791966861251945,-0.010791966861251945,-0.8378523886203761,-0.004938310415878036,"(0.808, 0.898]"
2022-11-25,15716.3,0.037615826706411004,0.662084996795546,bear,bear,0.8459234833717341,0.122036933898925,0.03203959390521,0.8459234833717341,18646.1,-0.033186564482653225,0,-1,0.00876428930810813,-0.00876428930810813,-0.813883889466524,-0.007343180731358421,"(0.808, 0.898]"
2022-11-28,15775.9,0.033654932922734006,0.663556433511952,bear,bear,0.835187673568725,0.12405022978782601,0.040762081742286,0.835187673568725,18694.1,-0.029747353443064894,0,-1,0.0025742648596758233,-0.0025742648596758233,-0.794425591826439,-0.0020951526965099546,"(0.808, 0.898]"
2022-11-29,15800.2,0.036279149081297,0.6479492678658041,bear,bear,0.872773885726928,0.099498629570007,0.027727492153644003,0.872773885726928,18733.6,-0.032628539095528875,0,-1,0.0021129661230012697,-0.0021129661230012697,-0.845046393573284,-0.0016785943627745,"(0.808, 0.898]"
2022-11-30,15967.05,0.034916241853470004,0.645501782554568,bear,bear,0.875512480735778,0.08137211203575101,0.043115381151437,0.875512480735778,18874.5,-0.03621287981138577,0,-1,0.007521245249177966,-0.007521245249177966,-0.832397099584341,-0.006355801172998036,"(0.808, 0.898]"
2022-12-01,15994.1,0.029605644320273003,0.627791400982304,bear,bear,0.9195290803909301,0.052524935454130006,0.027946015819907,0.9195290803909301,18948.3,-0.039130159433827916,0,-1,0.003910037351982698,-0.003910037351982698,-0.8915830645710231,-0.003254703751056835,"(0.898, 0.988]"
2022-12-02,15966.65,0.030991108499551,0.6234418233387721,bear,bear,0.931187450885772,0.041294366121292,0.027518156915903,0.931187450885772,18812.55,-0.028528827830357928,0,-1,-0.007164231091971285,0.007164231091971285,-0.9036692939698691,0.006387507112274766,"(0.898, 0.988]"
2022-12-05,15960.15,0.030917546749345003,0.647799666198638,bear,bear,0.899451732635498,0.053534924983978,0.047013316303491,0.899451732635498,18817.75,-0.02659457161456602,0,-1,0.0002764112254851625,-0.0002764112254851625,-0.852438416332007,-0.0002497843369795231,"(0.898, 0.988]"
2022-12-06,15926.4,0.025066052217455,0.6512415514369311,bear,bear,0.8893460631370541,0.058416862040758,0.05223708599805801,0.8893460631370541,18771.35,-0.035602127710580134,0,-1,-0.002465757064473828,0.002465757064473828,-0.8371089771389961,0.0021019060470995284,"(0.808, 0.898]"
2022-12-07,15854.45,0.015350870170832,0.654972126699584,bear,bear,0.9063332080841061,0.04784944280982,0.045817378908395004,0.9063332080841061,18670.25,-0.032364322920153676,0,-1,-0.005385867292442947,0.005385867292442947,-0.8605158291757111,0.00450855786018329,"(0.898, 0.988]"
2022-12-08,15912.3,0.024003655248305,0.6628257189860951,bear,bear,0.8797771930694581,0.06574986875057201,0.054472934454679,0.8797771930694581,18720.15,-0.04150340675689035,0,-1,0.002672701222533158,-0.002672701222533158,-0.8253042586147791,-0.0022999017086470573,"(0.808, 0.898]"
2022-12-09,15809.8,0.023632549466487,0.6480173052661401,bear,bear,0.9209899902343751,0.041416991502046,0.037593062967061004,0.9209899902343751,18583.65,-0.02208661915178134,0,-1,-0.007291608240318603,0.007291608240318603,-0.8833969272673141,0.006017795332885559,"(0.898, 0.988]"
2022-12-12,15827.5,0.011448491374489,0.647155812083952,bear,bear,0.9151027798652641,0.046297311782836005,0.038599938154220005,0.9151027798652641,18605.2,-0.03326758110635741,0,-1,0.0011596214952389605,-0.0011596214952389605,-0.8765028417110441,-0.0010244060656872261,"(0.898, 0.988]"
2022-12-13,15893.7,0.016146510966265,0.5616718438203421,bear,bear,0.8920426964759821,0.058709889650344,0.049247421324253006,0.8920426964759821,18703.85,-0.039612165409795175,0,-1,0.005302281082707916,-0.005302281082707916,-0.8427952751517291,-0.0046474644365442,"(0.808, 0.898]"
2022-12-14,15950.35,0.015593313149257002,0.567807468965218,bear,bear,0.891728341579437,0.06126855313777901,0.047003094106912,0.891728341579437,18748.9,-0.04428259791241085,0,-1,0.002408595021880622,-0.002408595021880622,-0.8447252474725251,-0.002029952504194964,"(0.808, 0.898]"
2022-12-15,15766.0,0.006916724678592,0.568101704729257,bear,bear,0.7975299954414361,0.133782118558883,0.06868790835142101,0.7975299954414361,18467.0,-0.023921048356527863,0,-1,-0.015035548752193484,0.015035548752193484,-0.7288420870900151,0.012700907640581856,"(0.716, 0.808]"
2022-12-16,15639.4,0.0033682130507020004,0.638854637033736,bear,bear,0.592501521110534,0.351069837808609,0.056428641080856004,0.592501521110534,18328.65,-0.021109028760983528,0,-1,-0.007491742026317083,0.007491742026317083,-0.536072880029678,0.005460296894400921,"(0.574, 0.716]"
2022-12-19,15759.0,0.013525246483628002,0.658979968648232,sideways,bear,0.36733105778694103,0.550336241722106,0.08233267813920901,0.550336241722106,18499.3,-0.02219002881190102,0,0,0.009310560243116495,-0.009310560243116495,-0.284998379647732,-0.0049911388442172785,"(0.344, 0.574]"
2022-12-20,15724.75,0.017789759157017002,0.6782689636193201,sideways,sideways,0.10975056886672901,0.729466497898101,0.16078296303749,0.729466497898101,18423.95,-0.012201509448299563,1,0,-0.004073127091295259,-0.0,0.051032394170761,0.0011608346211184285,"(0.716, 0.808]"
2022-12-21,15527.4,0.0009121235073240001,0.689061779457225,sideways,sideways,0.132140308618545,0.8148400783538811,0.053019642829895006,0.8148400783538811,18275.9,-0.00890517019681658,1,0,-0.008035736093508716,-0.0,-0.07912066578865,-0.00041008285177614797,"(0.808, 0.898]"
2022-12-22,15419.45,-0.006830697884126001,0.754152129875813,sideways,sideways,0.21812038123607602,0.688343286514282,0.093536347150802,0.688343286514282,18170.35,-0.006304226390795975,1,0,-0.00577536537188339,-0.0,-0.12458403408527402,0.000456950753396128,"(0.574, 0.716]"
2022-12-23,15064.5,-0.040260695889835,0.7800973944864741,sideways,sideways,0.114497736096382,0.787228226661682,0.09827401489019301,0.787228226661682,17863.9,0.015911978907181545,1,0,-0.016865387843382096,-0.0,-0.016223721206188993,0.0021011580539412812,"(0.716, 0.808]"
2022-12-26,15299.5,-0.026520236951445002,0.872271556383662,sideways,sideways,0.306426733732223,0.557614564895629,0.13595870137214602,0.557614564895629,18027.3,0.005599840242299203,1,0,0.009146938798358484,0.0,-0.170468032360077,-0.0001483973849546414,"(0.344, 0.574]"
2022-12-27,15423.4,-0.022344208571301,0.948637855526493,bear,sideways,0.5809223651885981,0.316148996353149,0.10292864590883201,0.5809223651885981,18138.0,-0.013565442716947818,1,-1,0.006140686625285108,0.0,-0.4779937192797661,-0.0010467907663521936,"(0.574, 0.716]"
2022-12-28,15419.5,-0.024094631713522,0.9994622945250851,bear,bear,0.8397825360298151,0.107742607593536,0.052474845200777005,0.8397825360298151,18122.35,-0.024014545574939095,0,-1,-0.0008628294188995911,0.0008628294188995911,-0.7873076908290381,0.0004124270430438148,"(0.808, 0.898]"
2022-12-29,15508.35,-0.028727911542833003,1.059890393323011,bear,bear,0.856344282627105,0.102452330291271,0.041203368455171,0.856344282627105,18191.0,-0.024696278379418346,0,-1,0.0037881400590984438,-0.0037881400590984438,-0.815140914171934,-0.0029824318024657716,"(0.808, 0.898]"
2022-12-30,15454.4,-0.033743692986788004,1.024816398059632,bear,bear,0.89903849363327,0.07304318994283601,0.02791834436357,0.89903849363327,18206.85,-0.02242013308177948,0,-1,0.0008713099884558595,-0.0008713099884558595,-0.8711201492697,-0.0007102404205170465,"(0.898, 0.988]"
2023-01-02,15533.05,-0.027156604547603002,1.037864932223202,bear,bear,0.865192413330078,0.09994552284479101,0.034862097352743,0.865192413330078,18275.85,-0.03275360653540049,0,-1,0.003789782417057408,-0.003789782417057408,-0.830330315977335,-0.003301355824846734,"(0.808, 0.898]"
2023-01-03,15557.55,-0.025225326829635002,1.051167699808503,bear,bear,0.8415339589118951,0.128872662782669,0.029593382030725004,0.8415339589118951,18317.3,-0.034505631288454075,0,-1,0.002268020365673973,-0.002268020365673973,-0.81194057688117,-0.0018832060668731007,"(0.808, 0.898]"
2023-01-04,15385.45,-0.033965616837452,1.081393750365709,bear,sideways,0.567684412002563,0.40346038341522206,0.028855193406343002,0.567684412002563,18103.05,-0.011097577480037812,1,-1,-0.011696592838464137,0.011696592838464137,-0.53882921859622,0.009496938336806733,"(0.344, 0.574]"
2023-01-05,15392.55,-0.029133776321474004,1.126353070897885,bear,sideways,0.5120807886123651,0.45698967576026905,0.030929522588849002,0.5120807886123651,18066.0,-0.014394442599357848,1,-1,-0.0020466164541333987,0.0020466164541333987,-0.48115126602351604,0.0011027767447468657,"(0.344, 0.574]"
2023-01-06,15274.05,-0.040110480571633,1.207661656824147,sideways,sideways,0.42199584841728205,0.521347641944885,0.056656498461961004,0.521347641944885,17943.2,-0.008947679343706771,1,0,-0.006797298793313367,0.006797298793313367,-0.365339349955321,0.003270528919942844,"(0.344, 0.574]"
2023-01-09,15439.3,-0.023434831560171003,1.203167645959323,bear,sideways,0.5525608062744141,0.40545856952667203,0.0419805906713,0.5525608062744141,18173.2,-0.014524134439724445,1,-1,0.012818226403317201,0.0,-0.5105802156031141,-0.004683002501768039,"(0.344, 0.574]"
2023-01-10,15330.9,-0.031375770020533,1.23077649600967,sideways,sideways,0.397692173719406,0.55179363489151,0.050514198839664,0.55179363489151,17986.25,-0.002246160261310859,1,0,-0.010287126097770383,0.010287126097770383,-0.347177974879742,0.005252403060936024,"(0.344, 0.574]"
2023-01-11,15292.5,-0.037826308537345005,1.235948776149899,sideways,sideways,0.491546005010604,0.455611735582351,0.052842214703559,0.491546005010604,17962.95,-0.004779281799481838,1,0,-0.0012954340120925334,-0.0,-0.43870379030704504,0.000449746156908625,"(0.344, 0.574]"
2023-01-12,15284.6,-0.041738896011686004,1.285094770605564,sideways,sideways,0.43946132063865606,0.507690012454986,0.052848681807518005,0.507690012454986,17918.65,-0.0065183482014550265,1,0,-0.0024661873467330953,-0.0,-0.38661263883113806,0.0010819257366190835,"(0.344, 0.574]"
2023-01-13,15339.6,-0.027045541037675,1.289553290454063,sideways,sideways,0.38663557171821505,0.555342316627502,0.058022145181894004,0.555342316627502,18025.25,-0.004443766383267822,1,0,0.005949108889341526,0.0,-0.32861342653632103,-0.0023000006864021083,"(0.344, 0.574]"
2023-01-16,15300.65,-0.021660038108878003,1.271418643320049,sideways,sideways,0.42002335190773005,0.5092565417289731,0.07072011381387701,0.5092565417289731,17941.75,0.0052057352264969214,1,0,-0.0046323906741931875,-0.0,-0.34930323809385305,0.0015222657725015216,"(0.344, 0.574]"
2023-01-17,15399.05,-0.022840916301795,1.257822708620871,sideways,sideways,0.49211701750755305,0.45917773246765103,0.048705298453569,0.49211701750755305,18088.8,-0.00143458935916152,1,0,0.008195967505956636,0.0,-0.443411719053984,-0.002862877989142654,"(0.344, 0.574]"
2023-01-18,15462.4,-0.016683890045946,1.248887100968824,sideways,sideways,0.46188139915466303,0.473576843738555,0.064541779458522,0.473576843738555,18199.15,-0.013635252195844383,1,0,0.006100459953120252,0.0,-0.397339619696141,-0.0027050154348330375,"(0.344, 0.574]"
2023-01-19,15407.55,-0.007718613547664001,1.274982402350409,bear,sideways,0.522415518760681,0.41578602790832503,0.061798483133316005,0.522415518760681,18113.15,-0.013829731438209203,1,-1,-0.004725495421489478,-0.0,-0.46061703562736506,0.001877626553650485,"(0.344, 0.574]"
2023-01-20,15346.2,-0.0047504936946510005,1.214432575943712,bear,sideways,0.643815338611602,0.30124205350875805,0.054942648857831004,0.643815338611602,18055.8,-0.01194629980394113,1,-1,-0.003166207975973334,0.003166207975973334,-0.588872689753771,0.0014584093320725567,"(0.574, 0.716]"
2023-01-23,15390.5,0.021640280128779003,1.198459378292674,bear,bear,0.7770363688468931,0.173705965280532,0.049257703125476004,0.7770363688468931,18148.15,-0.03202805795632058,0,-1,0.005114699985600213,-0.005114699985600213,-0.7277786657214171,-0.0030119071378039712,"(0.716, 0.808]"
2023-01-24,15373.25,0.004820418967940001,0.9313827283408581,bear,bear,0.67284208536148,0.189325287938117,0.137832656502723,0.67284208536148,18128.25,-0.034035276433191264,0,-1,-0.001096530500354076,0.001096530500354076,-0.535009428858757,0.0007980315044705274,"(0.574, 0.716]"
2023-01-25,15190.6,-0.015093948156696001,0.7997967219861001,bear,sideways,0.75489741563797,0.14864574372768402,0.09645685553550701,0.75489741563797,17891.95,-0.018594954714270973,1,-1,-0.013034904086163812,0.013034904086163812,-0.658440560102463,0.00697379659036718,"(0.716, 0.808]"
2023-01-27,14882.1,-0.034851973150880004,0.829707813765942,sideways,sideways,0.49511152505874606,0.39754864573478704,0.10733986645936901,0.49511152505874606,17687.15,-0.01069703146069323,1,0,-0.011446488504606833,0.011446488504606833,-0.38777165859937707,0.007536832302179728,"(0.344, 0.574]"
2023-01-30,14868.2,-0.041277763269464,0.9657168176731311,sideways,sideways,0.127115309238433,0.863083124160766,0.009801506996154001,0.863083124160766,17741.75,-0.019070835740555347,1,0,0.00308698688030562,0.0,-0.117313802242279,-0.001197046022650627,"(0.808, 0.898]"
2023-01-31,14952.65,-0.032466482037478005,0.9611378612445121,sideways,sideways,0.267174214124679,0.7086297869682311,0.024196015670895,0.7086297869682311,17798.65,-0.01494214448848652,1,0,0.003207124438119102,0.0,-0.24297819845378402,-0.0003762399620998845,"(0.574, 0.716]"
2023-02-01,14838.95,-0.044685364432612,0.9889619911486011,sideways,sideways,0.114772997796535,0.867519855499267,0.017707131803035,0.867519855499267,17677.25,-0.015717942553281627,1,0,-0.006820742022569215,-0.0,-0.0970658659935,0.001657291608761887,"(0.808, 0.898]"
2023-02-02,14842.35,-0.04597124868632901,0.9752175877255651,sideways,sideways,0.099718146026134,0.88447892665863,0.015802932903170003,0.88447892665863,17685.25,-0.0007746568468074422,1,0,0.000452559080173609,0.0,-0.083915213122964,-4.392803903027316e-05,"(0.808, 0.898]"
2023-02-03,14947.55,-0.02846195593889,0.9711327263729591,sideways,sideways,0.26947492361068703,0.686588764190673,0.043936289846897,0.686588764190673,17902.15,-0.007105291822490645,1,0,0.012264457669526996,0.0,-0.22553863376379002,-0.0010291745791759282,"(0.574, 0.716]"
2023-02-06,14929.9,-0.030056748232099,0.9613461688847261,bear,sideways,0.591840684413909,0.35426908731460505,0.053890198469161,0.591840684413909,17805.95,-0.0006402354269219312,1,-1,-0.005373656236820734,-0.0,-0.537950485944748,0.0012119670859688176,"(0.574, 0.716]"
2023-02-07,14902.65,-0.024315751225117,0.964405127770211,bear,sideways,0.640973567962646,0.300087332725524,0.058939088135957,0.640973567962646,17782.65,-0.007735067608033885,1,-1,-0.001308551355024501,0.001308551355024501,-0.582034479826689,0.0007039358373190888,"(0.574, 0.716]"
2023-02-08,15022.25,-0.027012235010654,0.946904402832568,bear,bear,0.8950898051261901,0.068811126053333,0.036099106073379,0.8950898051261901,17909.25,-0.025500788698577637,0,-1,0.0071192988671542334,-0.0071192988671542334,-0.8589906990528111,-0.004143677412874851,"(0.808, 0.898]"
2023-02-09,15034.3,-0.019346548473996,0.9111666600819901,bear,bear,0.9255931377410881,0.039734467864036005,0.034672409296035,0.9255931377410881,17945.85,-0.04123794637757472,0,-1,0.0020436366682021756,-0.0020436366682021756,-0.8909207284450531,-0.0017554648902289446,"(0.898, 0.988]"
2023-02-10,15006.8,-0.018682360634297002,0.9217683400769321,bear,bear,0.933809101581573,0.034653268754482006,0.031537644565105,0.933809101581573,17877.1,-0.04202862880444802,0,-1,-0.003830969277019425,0.003830969277019425,-0.902271457016468,0.0034130899389327642,"(0.898, 0.988]"
2023-02-13,14893.85,-0.025564947725161002,0.920640762275964,bear,bear,0.897839725017547,0.057805120944976,0.044355131685733004,0.897839725017547,17801.85,-0.04294497482003279,0,-1,-0.004209295691135595,0.004209295691135595,-0.853484593331814,0.003797927356254054,"(0.808, 0.898]"
2023-02-14,14963.2,-0.024537797595765003,0.9390356955162421,bear,bear,0.9220370054244991,0.042626142501831006,0.035336829721927004,0.9220370054244991,17945.15,-0.05003301727764897,0,-1,0.008049725169013477,-0.008049725169013477,-0.8867001757025721,-0.0068703164123083355,"(0.898, 0.988]"
2023-02-15,15044.5,-0.016741118841356,0.94116617858572,bear,bear,0.9268410801887511,0.031154856085777,0.042004030197858006,0.9268410801887511,18035.15,-0.04751831839491216,0,-1,0.005015282680835842,-0.005015282680835842,-0.8848370499908931,-0.004447052034295208,"(0.898, 0.988]"
2023-02-16,15068.75,-0.021449375123790002,0.9573945710307311,bear,bear,0.8835120201110841,0.037984304130077,0.07850373536348301,0.8835120201110841,18062.85,-0.05724179739077706,0,-1,0.0015358896377350995,-0.0015358896377350995,-0.8050082847476011,-0.0013590120561651068,"(0.808, 0.898]"
2023-02-17,15001.55,-0.029804558153973003,0.9333443108391891,bear,bear,0.882103741168975,0.055360246449708,0.062536068260669,0.882103741168975,17951.0,-0.04405604144615893,0,-1,-0.006192267554677056,0.006192267554677056,-0.819567672908306,0.004984826682888799,"(0.808, 0.898]"
2023-02-20,14938.0,-0.030475318918322003,0.926932834005261,bear,bear,0.8606620430946351,0.06357000768184601,0.07576791942119501,0.8606620430946351,17862.65,-0.037936700321620886,0,-1,-0.004921731379867289,0.004921731379867289,-0.7848941236734401,0.00403369193367762,"(0.808, 0.898]"
2023-02-21,14922.1,-0.027635505858127,0.9297808648506021,bear,bear,0.9263288378715511,0.035293158143758004,0.038377974182367006,0.9263288378715511,17840.1,-0.04218586218687104,0,-1,-0.0012624106725487305,0.0012624106725487305,-0.8879508636891841,0.0009908587185461341,"(0.898, 0.988]"
2023-02-22,14697.75,-0.045011533088593,0.92657412470079,bear,bear,0.8877068758010861,0.05885419622063601,0.05343889817595401,0.8877068758010861,17566.9,-0.0348297081442942,0,-1,-0.015313815505518358,0.015313815505518358,-0.834267977625132,0.013597915704501844,"(0.808, 0.898]"
2023-02-23,14678.35,-0.045201892898378004,0.9941963030599781,bear,bear,0.9196555018424981,0.049606014043092006,0.030738541856408,0.9196555018424981,17511.25,-0.027059747305303694,0,-1,-0.00316788961057457,0.00316788961057457,-0.8889169599860901,0.002642868858753714,"(0.898, 0.988]"
2023-02-24,14629.9,-0.036910984424578006,0.994835111510416,bear,bear,0.795667111873626,0.14097911119461,0.063353784382343,0.795667111873626,17559.25,-0.033523641385594605,0,-1,0.0027410950103505805,-0.0027410950103505805,-0.7323133274912831,-0.002436605843633878,"(0.716, 0.808]"
2023-02-27,14558.0,-0.021777840492941,0.950753897461945,sideways,bear,0.175469636917114,0.7537432909011841,0.070787101984024,0.7537432909011841,17497.95,-0.023845650490486037,0,0,-0.0034910374873641237,0.0034910374873641237,-0.10468253493309,0.0025565332787684295,"(0.716, 0.808]"
2023-02-28,14529.75,-0.022763347278083,0.757745005583344,sideways,sideways,0.170753881335258,0.763121604919433,0.066124498844146,0.763121604919433,17403.4,0.002255306434374882,1,0,-0.005403490123128685,-0.0,-0.104629382491112,0.0005656510435750253,"(0.716, 0.808]"
2023-03-01,14668.2,-0.019023383814908,0.775884739170953,sideways,sideways,0.125190436840057,0.8088880181312561,0.06592151522636401,0.8088880181312561,17532.7,-0.0033480296816805755,1,0,0.007429582725214656,0.0,-0.059268921613693,-0.0007773526527058425,"(0.808, 0.898]"
2023-03-02,14582.2,-0.017302437167050003,0.80269235901737,sideways,sideways,0.159384101629257,0.73925369977951,0.10136219859123201,0.73925369977951,17399.4,0.012793544604986273,1,0,-0.007602936227734447,-0.0,-0.058021903038025,0.00045061783131549973,"(0.716, 0.808]"
2023-03-03,14772.45,-0.004709496811488001,0.787845492037279,sideways,sideways,0.26908230781555104,0.550639927387237,0.18027776479721003,0.550639927387237,17671.55,-0.0015476854039401244,1,0,0.01564134395438921,0.0,-0.08880454301834101,-0.0009075405423059692,"(0.344, 0.574]"
2023-03-06,14884.9,-0.004191322323725001,0.864162427859098,sideways,sideways,0.220924943685531,0.631074488162994,0.148000538349151,0.631074488162994,17774.95,-0.00525739875498954,1,0,0.005851212825134233,0.0,-0.07292440533638,-0.0005196142810391017,"(0.574, 0.716]"
2023-03-08,14921.2,-0.0005827232600350001,0.858652077852548,sideways,sideways,0.228892803192138,0.5535231828689571,0.21758407354354803,0.5535231828689571,17794.55,-0.00035685083354164426,1,0,0.001102675394304864,0.0,-0.011308729648589977,-8.041194740874054e-05,"(0.344, 0.574]"
2023-03-09,14798.4,-0.006995400146953001,0.8614020252037621,sideways,sideways,0.28452244400978,0.513427734375,0.202049791812896,0.513427734375,17645.1,0.012079840862335711,1,0,-0.008398638909104195,-0.0,-0.08247265219688399,9.497793683918798e-05,"(0.344, 0.574]"
2023-03-10,14684.05,-0.022513271979896003,0.888664370782394,bear,bull,0.5012913346290581,0.24008482694625802,0.25862380862236,0.5012913346290581,17452.55,0.024472068551587123,2,-1,-0.010912377940618057,-0.0,-0.24266752600669805,0.0008999727505375421,"(0.344, 0.574]"
2023-03-13,14471.8,-0.037414445634316,0.873756003947284,bull,bull,0.216904282569885,0.101906836032867,0.6811888813972471,0.6811888813972471,17205.8,0.032215880691394805,2,1,-0.014138335085703835,0.014138335085703835,0.46428459882736206,0.0034309147971014467,"(0.574, 0.716]"
2023-03-14,14374.65,-0.042124237012554,0.929534644328575,bull,bull,0.16821777820587103,0.083409383893013,0.7483727931976311,0.7483727931976311,17125.75,0.034252514488416486,2,1,-0.004652500900859002,-0.004652500900859002,0.58015501499176,-0.0021600845142992625,"(0.716, 0.808]"
2023-03-15,14317.9,-0.03867032365708,0.9403273130004851,bull,bull,0.148633122444152,0.09896925091743401,0.7523975968360901,0.7523975968360901,17037.35,0.03593868764802055,2,1,-0.0051618177306104185,-0.0051618177306104185,0.6037644743919381,-0.0029946544428870203,"(0.716, 0.808]"
2023-03-16,14351.9,-0.040853560735671,0.93106848115102,bull,bull,0.12326747924089401,0.126876130700111,0.7498563528060911,0.7498563528060911,17047.3,0.035694802109424995,2,1,0.0005840110111021701,0.0005840110111021701,0.6265888735651971,0.0003526051011572061,"(0.716, 0.808]"
2023-03-17,14437.8,-0.040327029811559,0.9308705894887661,bull,bull,0.18139332532882602,0.095616981387138,0.7229896783828731,0.7229896783828731,17178.15,0.0278929919694495,2,1,0.007675702310629973,0.007675702310629973,0.5415963530540471,0.0048095096646394156,"(0.716, 0.808]"
2023-03-20,14327.05,-0.049221070095396,0.933504183758705,bull,bull,0.163655862212181,0.11362312734127,0.7227210402488701,0.7227210402488701,17028.9,0.04316191885559251,2,1,-0.008688362833017549,-0.008688362833017549,0.5590651780366891,-0.004705585624372633,"(0.716, 0.808]"
2023-03-21,14408.6,-0.039525915655382,0.9464018405752691,bull,bull,0.157474920153617,0.062369685620069004,0.7801553606987001,0.7801553606987001,17160.15,0.03625551058702858,2,1,0.007707485509927281,0.007707485509927281,0.6226804405450831,0.004308986758822696,"(0.716, 0.808]"
2023-03-22,14453.55,-0.03243071361628,0.9645133826420581,bull,bull,0.17293415963649703,0.058054935187101,0.7690109014511101,0.7690109014511101,17185.0,0.03665405877218508,2,1,0.0014481225397213748,0.0014481225397213748,0.596076741814613,0.0009017175809969703,"(0.716, 0.808]"
2023-03-23,14397.15,-0.035179364834708,0.987271940608971,bull,bull,0.168307870626449,0.063396483659744,0.768295586109161,0.768295586109161,17087.5,0.04843013899048998,2,1,-0.005673552516729741,-0.005673552516729741,0.599987715482712,-0.0033818726986863615,"(0.716, 0.808]"
2023-03-24,14266.55,-0.02933782381657,0.993296840483271,bull,bull,0.133161142468452,0.046103335916996,0.8207355141639711,0.8207355141639711,16955.05,0.068186174620541,2,1,-0.007751280175567032,-0.007751280175567032,0.687574371695519,-0.004650672884604899,"(0.808, 0.898]"
2023-03-27,14245.65,-0.029478790190995002,0.9998664703649791,bull,bull,0.144959896802902,0.08521807193756101,0.769822061061859,0.769822061061859,17037.4,0.06900994283165263,2,1,0.004856960020760859,0.004856960020760859,0.624862164258957,0.0033395212346249026,"(0.716, 0.808]"
2023-03-28,14215.55,-0.028322134806116003,1.049201236363522,bull,bull,0.150905832648277,0.085796929895877,0.763297200202941,0.763297200202941,16970.6,0.06949371265600512,2,1,-0.003920786035428114,-0.003920786035428114,0.612391367554664,-0.002449950847693907,"(0.716, 0.808]"
2023-03-29,14367.35,-0.013095892292897001,1.064417994826073,bull,bull,0.14245550334453502,0.087013252079486,0.7705312371253961,0.7705312371253961,17080.7,0.07107144320783121,2,1,0.006487690476471242,0.006487690476471242,0.628075733780861,0.003973005643157593,"(0.716, 0.808]"
2023-03-31,14553.6,0.0016414597635880002,1.098168697171659,sideways,bull,0.33144485950469904,0.19655968248844102,0.471995383501052,0.471995383501052,17442.65,0.03938908365414662,2,0,0.02119058352409442,0.02119058352409442,0.14055052399635298,0.013309291296140226,"(0.344, 0.574]"
2023-04-03,14606.15,-0.004230239565863,1.149111570211788,sideways,bull,0.43234595656394903,0.231277212500572,0.336376786231994,0.43234595656394903,17474.0,0.04763648849719582,2,0,0.001797318641376,0.0,-0.09596917033195501,0.00025261407683381006,"(0.344, 0.574]"
2023-04-05,14712.15,0.008911549697576,1.110935990847645,bull,bull,0.169847473502159,0.30216893553733803,0.527983605861663,0.527983605861663,17622.0,0.04105663375326296,2,1,0.008469726450726744,0.0,0.35813613235950403,-0.0008128326204148597,"(0.344, 0.574]"
2023-04-06,14761.45,-0.000744629360735,1.111892743891799,bull,bull,0.130445659160614,0.21496844291687,0.6545858979225151,0.6545858979225151,17644.2,0.04019451151086484,2,1,0.0012597889002383678,0.0012597889002383678,0.5241402387619011,0.0004511759243208021,"(0.574, 0.716]"
2023-04-10,14783.1,-0.006839145711425,1.037039730516582,bull,bull,0.12367346882820102,0.1607156842947,0.715610861778259,0.715610861778259,17681.5,0.036869043915957356,2,1,0.0021140091361466773,0.0021140091361466773,0.591937392950058,0.0011080372533647596,"(0.574, 0.716]"
2023-04-11,14866.8,-0.003645819371096,1.026411439463616,bull,bull,0.10227137058973301,0.133891686797142,0.763836979866027,0.763836979866027,17788.2,0.03538019586017693,2,1,0.006034555891751392,0.006034555891751392,0.661565609276294,0.003572079282174731,"(0.716, 0.808]"
2023-04-12,14944.95,0.009903097632176,1.033568550859827,bull,bull,0.11617083847522701,0.16928872466087302,0.714540421962738,0.714540421962738,17858.25,0.026326767740400214,2,1,0.0039380038452456745,0.0039380038452456745,0.598369583487511,0.002605247913212343,"(0.574, 0.716]"
2023-04-13,14953.85,0.018373677561708,1.014613579437524,sideways,sideways,0.094614759087562,0.570189177989959,0.33519607782363803,0.570189177989959,17879.65,0.019287290299306648,1,0,0.0011983257038064021,0.0011983257038064021,0.24058131873607602,0.0007170416522690154,"(0.344, 0.574]"
2023-04-17,14902.5,0.029761328929366,0.999538966366701,bull,bull,0.080509535968303,0.22939574718475303,0.6900947093963621,0.6900947093963621,17760.1,0.023386692642496598,2,1,-0.006686372496106041,-0.0,0.6095851734280591,-0.0016086163126738198,"(0.574, 0.716]"
2023-04-18,14896.4,0.036296535915657,0.875853015451256,bull,bull,0.13060900568962,0.08508484810590701,0.784306108951568,0.784306108951568,17712.35,0.028965665199705448,2,1,-0.002688610987550799,-0.002688610987550799,0.6536971032619481,-0.001638937395126739,"(0.716, 0.808]"
2023-04-19,14850.45,0.037194700340133,0.835010717334379,bull,bull,0.11068620532751001,0.11767976731061901,0.771634042263031,0.771634042263031,17649.65,0.03862399537667871,2,1,-0.003539902949072138,-0.003539902949072138,0.660947836935521,-0.002314024303636884,"(0.716, 0.808]"
2023-04-20,14861.4,0.035500526062751,0.8279351310280131,bull,bull,0.12114831805229101,0.10741358995437601,0.7714381217956541,0.7714381217956541,17655.8,0.040213414288788885,2,1,0.0003484488360958604,0.0003484488360958604,0.6502898037433631,0.00023030650450025882,"(0.716, 0.808]"
2023-04-21,14841.9,0.027989028799401003,0.8305695031974271,bull,bull,0.13475255668163302,0.101887047290802,0.763360381126403,0.763360381126403,17657.3,0.03616634479790237,2,1,8.495791751150783e-05,8.495791751150783e-05,0.62860782444477,5.524726750500326e-05,"(0.716, 0.808]"
2023-04-24,14933.7,0.042342980585675004,0.8229940416347451,bull,bull,0.18037438392639102,0.09793809056282,0.72168755531311,0.72168755531311,17763.9,0.031369800550554716,2,1,0.006037163099681386,0.006037163099681386,0.541313171386719,0.0037950079619089605,"(0.716, 0.808]"
2023-04-25,14950.1,0.037581722027122004,0.777483385921454,bull,bull,0.108208335936069,0.12112986296415301,0.7706617712974541,0.7706617712974541,17782.3,0.044482434780652724,2,1,0.0010358085780710624,0.0010358085780710624,0.662453435361385,0.0005606968263452147,"(0.716, 0.808]"
2023-04-26,14994.7,0.037440628772862,0.7701728085806521,bull,bull,0.14202407002449002,0.10319972783327101,0.754776179790496,0.754776179790496,17814.9,0.05041285665369988,2,1,0.0018332836584695755,0.0018332836584695755,0.612752109766006,0.0012144650575450584,"(0.716, 0.808]"
2023-04-27,15080.15,0.047439944711279006,0.7695846947937751,bull,bull,0.09885282069444601,0.18759524822235102,0.7135519385337831,0.7135519385337831,17915.05,0.039882668482644545,2,1,0.005621698690421839,0.005621698690421839,0.6146991178393371,0.003444707733024775,"(0.574, 0.716]"
2023-04-28,15207.85,0.06597951151469701,0.751021075506886,bull,bull,0.07507476210594101,0.24141842126846302,0.683506786823272,0.683506786823272,18111.15,0.02533522167283686,2,1,0.010946103974033061,0.010946103974033061,0.608432024717331,0.006728560456615784,"(0.574, 0.716]"
2023-05-02,15292.05,0.07345400174790101,0.662979449232675,sideways,bull,0.062066785991191004,0.645978093147277,0.29195511341094904,0.645978093147277,18213.15,0.02321399648056488,2,0,0.005631889747476082,0.005631889747476082,0.22988832741975804,0.0034266220820416506,"(0.574, 0.716]"
2023-05-03,15272.0,0.074316505516845,0.645744551854718,bull,bull,0.10516394674777901,0.35079607367515503,0.544039964675903,0.544039964675903,18149.95,0.03012129509998651,2,1,-0.0034700202875395103,-0.0,0.438876017928124,-0.0007977171600150859,"(0.344, 0.574]"
2023-05-04,15393.65,0.071432797279943,0.6554280042154681,sideways,bull,0.07434164732694601,0.6792975068092341,0.24636083841323803,0.6792975068092341,18294.65,0.020678176406763615,2,0,0.00797247375337129,0.00797247375337129,0.17201919108629202,0.003498927533916076,"(0.574, 0.716]"
2023-05-05,15278.55,0.049812417546174007,0.6752859353049601,bull,bull,0.13331407308578402,0.337014943361282,0.52967095375061,0.52967095375061,18129.7,0.03688422864140062,2,1,-0.009016297114183724,-0.0,0.396356880664826,-0.0015509761361755534,"(0.344, 0.574]"
2023-05-09,15415.15,0.055387627814311,0.6691374547858381,sideways,bull,0.07388070970773601,0.6154184341430661,0.310700863599777,0.6154184341430661,18306.4,0.02204420312022015,2,0,0.009746438165000093,0.009746438165000093,0.23682015389204097,0.0038630678286720476,"(0.574, 0.716]"
2023-05-10,15464.4,0.051131207879201,0.700095716486408,sideways,sideways,0.061739929020404004,0.607110619544982,0.33114945888519204,0.607110619544982,18345.5,0.015592379602627382,1,0,0.0021358650526590583,0.0,0.26940952986478806,0.0005058158904633504,"(0.574, 0.716]"
2023-05-11,15487.5,0.049185547490253,0.688683835434848,sideways,sideways,0.07395560294389701,0.7074791193008421,0.218565300107002,0.7074791193008421,18353.4,0.01795852539583942,1,0,0.00043062331361931605,0.0,0.144609697163105,0.00011601402447099712,"(0.574, 0.716]"
2023-05-12,15475.15,0.046813591195351,0.688342143143514,sideways,bull,0.07561150938272401,0.697039723396301,0.227348789572715,0.697039723396301,18333.4,0.02418809386147669,2,0,-0.001089716346834968,-0.0,0.151737280189991,-0.00015758355090948983,"(0.574, 0.716]"
2023-05-15,15542.5,0.045450265020044005,0.7022403852204151,sideways,bull,0.06155031546950301,0.6319811344146721,0.306468546390533,0.6319811344146721,18417.55,0.021756422542629217,2,0,0.004589983309151391,0.0,0.24491823092103,0.0006964715834480867,"(0.574, 0.716]"
2023-05-16,15486.35,0.03622628379486,0.693707399520719,sideways,bull,0.163254842162132,0.5648695230484,0.271875649690628,0.5648695230484,18328.4,0.022754304794744717,2,0,-0.004840491813514758,-0.0,0.10862080752849598,-0.0011855246917537626,"(0.344, 0.574]"
2023-05-17,15438.2,0.032389652163155,0.7097053199766911,bull,bull,0.20409458875656103,0.22927437722682903,0.566631078720092,0.566631078720092,18224.5,0.03701884825372437,2,1,-0.005668798149320309,-0.0,0.36253648996353094,-0.0006157494326952154,"(0.344, 0.574]"
2023-05-18,15362.9,0.030894145277637,0.735464906986747,bull,bull,0.19076921045780101,0.20532599091529802,0.6039047837257381,0.6039047837257381,18175.45,0.03657406006453767,2,1,-0.0026914318636999113,-0.0026914318636999113,0.41313557326793704,-0.0009757422608417702,"(0.574, 0.716]"
2023-05-19,15405.65,0.034186112080771006,0.745331620788731,bull,bull,0.163145393133163,0.264225125312805,0.5726295113563531,0.5726295113563531,18225.4,0.03507741942563669,2,1,0.0027482125614497477,0.0027482125614497477,0.4094841182231901,0.0011353843720366872,"(0.344, 0.574]"
2023-05-22,15495.8,0.043456595591379,0.7432792476413941,bull,bull,0.12196915596723501,0.340332746505737,0.5376980900764461,0.5376980900764461,18331.35,0.030843336688241907,2,1,0.005813315482787518,0.005813315482787518,0.4157289341092111,0.0023804603644224653,"(0.344, 0.574]"
2023-05-23,15534.75,0.045308651943962004,0.742310682912354,sideways,bull,0.135323956608772,0.38085135817527704,0.48382467031478804,0.48382467031478804,18365.8,0.02527796229949142,2,0,0.0018792942145560154,0.0018792942145560154,0.34850071370601604,0.0007812769806949793,"(0.344, 0.574]"
2023-05-24,15516.9,0.045479352374022,0.742942574885437,sideways,bull,0.063621178269386,0.595780611038208,0.340598225593566,0.595780611038208,18295.9,0.022409392268213146,2,0,-0.0038059872153676233,-0.0,0.27697704732418,-0.0013263892609115893,"(0.574, 0.716]"
2023-05-25,15567.2,0.042420833417036,0.7453904561933421,sideways,bull,0.072015926241874,0.6340529918670651,0.293931096792221,0.6340529918670651,18321.15,0.021617092813496885,2,0,0.0013800906213961017,0.0,0.221915170550347,0.00038225342535408506,"(0.574, 0.716]"
2023-05-26,15689.1,0.049431107484230005,0.7302923414407291,sideways,sideways,0.056932426989078,0.7557733654975891,0.18729427456855702,0.7557733654975891,18573.3,0.012808709276219243,1,0,0.013762782358094139,0.0,0.13036184757947902,0.003054170194243768,"(0.716, 0.808]"
2023-05-30,15801.7,0.053819016052338006,0.7537954597126411,sideways,sideways,0.09594632685184401,0.7045075297355651,0.19954615831375103,0.7045075297355651,18713.0,0.013845989419120297,1,0,0.007521549751525081,0.0,0.10359983146190702,0.000980523122269781,"(0.574, 0.716]"
2023-05-31,15763.2,0.045294642294672005,0.7705587907368171,sideways,bull,0.176532134413719,0.39066290855407704,0.43280494213104204,0.43280494213104204,18629.55,0.0339084948375028,2,0,-0.0044594666809170125,-0.0,0.256272807717323,-0.00046199999655299236,"(0.344, 0.574]"
2023-06-01,15757.65,0.036152381829121005,0.778712808569304,sideways,bull,0.143640056252479,0.385952502489089,0.470407426357269,0.470407426357269,18570.0,0.04496230479267638,2,0,-0.003196534537871276,-0.0,0.32676737010479,-0.0008191848809856676,"(0.344, 0.574]"
2023-06-02,15805.1,0.033550112640228,0.791561130229381,bull,bull,0.11019220948219301,0.30833187699317904,0.581475913524627,0.581475913524627,18635.95,0.04413244293958729,2,1,0.0035514270328487196,0.0,0.471283704042434,0.0011604904716430338,"(0.574, 0.716]"
2023-06-05,15863.1,0.038704819277108005,0.7796961296705841,bull,bull,0.10834813863039001,0.232977971434593,0.658673822879791,0.658673822879791,18696.65,0.04119454554692936,2,1,0.003257145463472444,0.003257145463472444,0.550325684249401,0.0015350395786303038,"(0.574, 0.716]"
2023-06-06,15892.25,0.032389978984841,0.777612961356636,bull,bull,0.12199831008911101,0.19925506412982902,0.678746581077575,0.678746581077575,18672.95,0.04622461903448549,2,1,-0.0012676067637785726,-0.0012676067637785726,0.556748270988464,-0.0006975965596356118,"(0.574, 0.716]"
2023-06-07,16009.65,0.047851399511079,0.746337372040026,bull,bull,0.028624422848224,0.07149064540863001,0.89988499879837,0.89988499879837,18798.4,0.031922929611030604,2,1,0.006718274295170357,0.006718274295170357,0.871260575950146,0.0037403875978623377,"(0.898, 0.988]"
2023-06-08,15930.45,0.033428153472395,0.6822387833028011,bull,bull,0.065697073936462,0.143598318099975,0.790704607963562,0.790704607963562,18709.95,0.03739186903225278,2,1,-0.00470518767554684,-0.00470518767554684,0.7250075340271,-0.004099444524150469,"(0.716, 0.808]"
2023-06-09,15877.85,0.026735599182638,0.6836329424898661,bull,bull,0.100226886570453,0.070071130990982,0.8297019600868221,0.8297019600868221,18631.55,0.04665741712310556,2,1,-0.004190283779486381,-0.004190283779486381,0.7294750735163691,-0.003037987309839178,"(0.808, 0.898]"
2023-06-12,15938.4,0.029113801452784003,0.709824232231246,bull,bull,0.063359230756759,0.047237943857908006,0.8894028067588801,0.8894028067588801,18683.0,0.041658191939196065,2,1,0.002761444968346849,0.002761444968346849,0.8260435760021211,0.002014405271296225,"(0.808, 0.898]"
2023-06-13,16050.1,0.037153113216996006,0.7417922835875711,bull,bull,0.07650807499885501,0.053923975676298,0.8695679306983941,0.8695679306983941,18776.85,0.03717077145527603,2,1,0.005023283198629658,0.005023283198629658,0.7930598556995391,0.004149450816667416,"(0.808, 0.898]"
2023-06-14,16079.4,0.034543992279234,0.7695056064058661,bull,bull,0.078094437718391,0.039264619350433,0.8826409578323361,0.8826409578323361,18818.25,0.041481009126778545,2,1,0.002204842665303408,0.002204842665303408,0.8045465201139451,0.001748572205985708,"(0.808, 0.898]"
2023-06-15,16055.1,0.036725890865181,0.7621320048083831,bull,bull,0.093443349003791,0.03938515111804,0.8671715259552001,0.8671715259552001,18745.45,0.05205263143856231,2,1,-0.003868585017203996,-0.003868585017203996,0.773728176951409,-0.0031124566133564216,"(0.808, 0.898]"
2023-06-16,16180.2,0.048062597971266004,0.76000411769106,bull,bull,0.12149328738451001,0.045729134231805,0.8327775001525871,0.8327775001525871,18899.15,0.0461078937412529,2,1,0.00819932303572335,0.00819932303572335,0.7112842127680771,0.0063440472646659205,"(0.808, 0.898]"
2023-06-19,16142.5,0.050745627453150005,0.7785086968246551,bull,bull,0.055785644799470006,0.072910167276859,0.871304154396057,0.871304154396057,18840.2,0.053444230952962135,2,1,-0.0031191878999849987,-0.0031191878999849987,0.815518509596587,-0.0022186291099165413,"(0.808, 0.898]"
2023-06-20,16212.05,0.052344432075245,0.80342248600714,bull,bull,0.054196823388338006,0.09479740262031501,0.8510057330131531,0.8510057330131531,18864.7,0.05860151499891342,2,1,0.0013004108236642775,0.0013004108236642775,0.7968089096248151,0.0010605090967779618,"(0.808, 0.898]"
2023-06-21,16244.65,0.048325998012364,0.8271695984657601,bull,bull,0.055441506206989004,0.08642030507326101,0.8581382036209101,0.8581382036209101,18896.75,0.046550332729173194,2,1,0.0016989403489056087,0.0016989403489056087,0.8026966974139211,0.001353730806929081,"(0.808, 0.898]"
2023-06-22,16145.75,0.039331176877645,0.8215491516219361,bull,bull,0.08306307345628701,0.12503895163536,0.7918979525566101,0.7918979525566101,18830.05,0.04581241154431348,2,1,-0.0035297074893830827,-0.0035297074893830827,0.7088348791003231,-0.0028332845445649835,"(0.716, 0.808]"
2023-06-23,16011.7,0.031887812642989004,0.8855687001244481,bull,bull,0.09049469977617201,0.15256671607494302,0.7569385766983031,0.7569385766983031,18705.9,0.052670547795080624,2,1,-0.0065931848295675,-0.0065931848295675,0.6664438769221311,-0.0046734793715525625,"(0.716, 0.808]"
2023-06-26,16071.0,0.032362916902204004,0.9611452169962791,bull,bull,0.150339737534523,0.241948753595352,0.6077114939689631,0.6077114939689631,18717.2,0.05646143653965341,2,1,0.0006040874804205121,0.0006040874804205121,0.45737175643444006,0.00040259040245156804,"(0.574, 0.716]"
2023-06-27,16164.5,0.030301291979782003,0.9914910796771551,bull,bull,0.21098333597183203,0.10250925272703101,0.6865074038505551,0.6865074038505551,18811.2,0.04511673896402146,2,1,0.00502211869296687,0.00502211869296687,0.47552406787872303,0.002296975247624492,"(0.574, 0.716]"
2023-06-28,16292.9,0.031085262978034003,0.967870428630855,bull,bull,0.228817850351333,0.105633728206157,0.665548384189605,0.665548384189605,18972.1,0.04109719008438706,2,1,0.008553414986816277,0.008553414986816277,0.43673053383827204,0.00406735468878571,"(0.574, 0.716]"
2023-06-30,16426.0,0.042047300040600005,0.9661086227315341,bull,bull,0.240830540657043,0.155953720211982,0.603215754032135,0.603215754032135,19261.25,0.030252449866960962,2,1,0.015240800965628631,0.015240800965628631,0.362385213375092,0.006656123141841845,"(0.574, 0.716]"
2023-07-03,16534.25,0.049283998565776005,0.9907384433773371,sideways,bull,0.185143068432807,0.562262952327728,0.252594023942947,0.562262952327728,19404.95,0.021004949767971404,2,0,0.007460574988642943,0.007460574988642943,0.06745095551013999,0.0027036020591602473,"(0.344, 0.574]"
2023-07-04,16557.15,0.04758274227939,1.044635866633597,sideways,sideways,0.17954124510288202,0.665560543537139,0.154898211359977,0.665560543537139,19458.4,0.007099761542572747,1,0,0.002754451828012927,0.0,-0.024643033742905024,0.0001857904077061237,"(0.574, 0.716]"
2023-07-05,16609.75,0.047068353600494,1.050268395364327,sideways,sideways,0.14690500497817902,0.7219350337982171,0.13115999102592402,0.7219350337982171,19466.85,6.678019299499738e-05,1,0,0.000434259754142019,0.0,-0.015745013952255,-1.0701477774507414e-05,"(0.716, 0.808]"
2023-07-06,16688.25,0.050087306706098005,1.057046772240326,sideways,sideways,0.150247439742088,0.681803405284881,0.16794915497303,0.681803405284881,19536.1,0.002055169660269973,1,0,0.0035573295114514902,0.0,0.017701715230941995,-5.601020279057217e-05,"(0.574, 0.716]"
2023-07-07,16559.85,0.034366772540311,1.089715726482133,sideways,sideways,0.117172546684741,0.747757256031036,0.13507021963596302,0.747757256031036,19398.5,0.013534551640590697,1,0,-0.007043370990115649,-0.0,0.01789767295122202,-0.0001246797475329052,"(0.716, 0.808]"
2023-07-10,16559.5,0.039487271232137,1.166528360235127,sideways,sideways,0.10007199645042401,0.81241774559021,0.08751023560762401,0.81241774559021,19409.55,0.010391791669564832,1,0,0.0005696316725518624,0.0,-0.012561760842800002,1.0195081377990827e-05,"(0.808, 0.898]"
2023-07-11,16653.55,0.048854221446858005,1.1214230477056981,sideways,sideways,0.147639140486717,0.735258817672729,0.117102086544036,0.735258817672729,19500.85,0.009679065271513743,1,0,0.004703870002138011,0.0,-0.030537053942680997,-5.908889000247883e-05,"(0.716, 0.808]"
2023-07-12,16637.25,0.043846935702454,1.110456365697536,sideways,sideways,0.136638268828392,0.7517787218093871,0.111582972109317,0.7517787218093871,19461.3,0.0069625359045901725,1,0,-0.0020281167231172015,-0.0,-0.025055296719075,6.19327097758834e-05,"(0.716, 0.808]"
2023-07-13,16647.45,0.037217836648992,1.115439887845366,sideways,sideways,0.17656387388706202,0.728014886379241,0.09542129933834001,0.728014886379241,19474.8,0.0015173454926364904,1,0,0.0006936843890181787,0.0,-0.08114257454872201,-1.738046819624072e-05,"(0.716, 0.808]"
2023-07-14,16779.7,0.043552620122641,1.087711158059476,sideways,sideways,0.22700233757495802,0.671127378940582,0.10187022387981401,0.671127378940582,19598.85,-0.006148319926934542,1,0,0.006369770164520228,0.0,-0.12513211369514401,-0.0005168595504328078,"(0.574, 0.716]"
2023-07-17,16878.4,0.051279655685732006,1.117920766649667,sideways,sideways,0.333711057901382,0.543268024921417,0.12302092462778001,0.543268024921417,19721.2,-0.011999776889844549,1,0,0.006242713220418583,0.0,-0.21069013327360198,-0.0007811639004635968,"(0.344, 0.574]"
2023-07-18,16875.5,0.042972274755565004,1.115336872615661,sideways,sideways,0.32100391387939403,0.559806048870086,0.11919002234935701,0.559806048870086,19770.55,-0.01905106332398432,1,0,0.0025023832221162667,0.0,-0.20181389153003704,-0.0005272274545693018,"(0.344, 0.574]"
2023-07-19,16961.85,0.050757317639770004,1.086452144302306,bear,bear,0.8035899996757501,0.109814345836639,0.086595579981803,0.8035899996757501,19847.1,-0.025978606446281804,0,-1,0.003871920609188839,0.0,-0.7169944196939471,-0.0007814073658357514,"(0.716, 0.808]"
2023-07-20,17037.75,0.050931251754096005,1.0818117078098881,bear,bear,0.7899147868156431,0.111738950014114,0.098346278071403,0.7899147868156431,19970.2,-0.028575076864528204,0,-1,0.006202417481647293,-0.006202417481647293,-0.69156850874424,-0.004447098722953294,"(0.716, 0.808]"
2023-07-21,16923.55,0.041792220823471005,1.082873353254555,sideways,sideways,0.17515103518962802,0.7167144417762751,0.10813453048467601,0.7167144417762751,19776.4,-0.01972553144151623,1,0,-0.009704459644870767,0.009704459644870767,-0.067016504704952,0.006711298684771933,"(0.716, 0.808]"
2023-07-24,16858.35,0.044135453602341,1.144557365830469,sideways,sideways,0.15397517383098602,0.7617173194885251,0.084307461977005,0.7617173194885251,19692.7,-0.013294266403286459,1,0,-0.004232317307497846,-0.0,-0.06966771185398102,0.0002836351127507792,"(0.716, 0.808]"
2023-07-25,16895.9,0.055222118825608006,1.098223192306525,sideways,sideways,0.150753274559974,0.747474610805511,0.10177209973335201,0.747474610805511,19691.15,-0.015009280819048287,1,0,-7.870936946174911e-05,-0.0,-0.048981174826621995,5.48350167186967e-06,"(0.716, 0.808]"
2023-07-26,16971.8,0.056051272478377004,0.978579773497758,bear,bear,0.566281020641326,0.31132826209068304,0.122390672564506,0.566281020641326,19774.0,-0.026484272276727006,0,-1,0.004207473915947002,0.0,-0.44389034807682004,-0.00020608701545545198,"(0.344, 0.574]"
2023-07-27,16948.65,0.048510625135327,0.985554150057331,sideways,sideways,0.25418987870216303,0.612608671188354,0.133201420307159,0.612608671188354,19659.9,-0.017222874989191284,1,0,-0.005770203297258969,0.005770203297258969,-0.12098845839500402,0.0025613375500942986,"(0.574, 0.716]"
2023-07-28,16942.8,0.039888540407171005,0.9851035408767681,sideways,bear,0.18150609731674103,0.674520432949066,0.143973469734191,0.674520432949066,19751.8,-0.020995554835508745,0,0,0.004674489697302553,0.0,-0.03753262758255002,-0.0005655593022599649,"(0.574, 0.716]"
2023-07-31,17053.15,0.038180323876780005,0.949577471699468,sideways,bear,0.41160631179809504,0.405826747417449,0.182566970586776,0.41160631179809504,19843.95,-0.02526966657343932,0,0,0.004665397584017628,0.0,-0.22903934121131903,-0.00017510463004546224,"(0.344, 0.574]"
2023-08-01,17051.95,0.031310764020139,0.924982097533075,bear,bear,0.5758345723152161,0.21922434866428303,0.20494107902050002,0.5758345723152161,19812.55,-0.028201821572690022,0,-1,-0.0015823462566677549,-0.0,-0.37089349329471605,0.0003624195441953793,"(0.574, 0.716]"
2023-08-02,16850.45,0.017714401331146,0.9116885624988531,sideways,sideways,0.14508207142353002,0.43929561972618103,0.41562235355377203,0.43929561972618103,19596.55,-0.00430943201737044,1,0,-0.010902180688503016,0.010902180688503016,0.270540282130242,0.004043547880089076,"(0.344, 0.574]"
2023-08-03,16781.05,0.010313219645087001,1.041160995811018,sideways,sideways,0.209492564201354,0.5739924907684321,0.216514959931373,0.5739924907684321,19468.15,0.007224620726673958,1,0,-0.006552173724456489,-0.0,0.007022395730019004,-0.0017726269279808172,"(0.574, 0.716]"
2023-08-04,16881.7,0.011591988375054001,1.04907224975947,sideways,sideways,0.134615033864974,0.7386127114295961,0.126772195100784,0.7386127114295961,19576.25,0.003948662282101889,1,0,0.005552659086764722,0.0,-0.007842838764190008,3.899296946114781e-05,"(0.716, 0.808]"
2023-08-07,16954.65,0.023840795659381003,1.068820369674314,sideways,sideways,0.085611455142498,0.809051096439361,0.105337508022785,0.809051096439361,19661.05,-0.0001118963636225212,1,0,0.004331779579848094,0.0,0.019726052880287004,-3.3973448806759336e-05,"(0.808, 0.898]"
2023-08-08,16949.55,0.023554455146592,1.03500357163297,sideways,sideways,0.061766937375068005,0.82641851902008,0.111814580857753,0.82641851902008,19611.25,0.008028555038562146,1,0,-0.0025329267765454855,-0.0,0.050047643482685,-4.996464753603115e-05,"(0.808, 0.898]"
2023-08-09,17003.6,0.021019542379852003,1.0552936414928311,sideways,sideways,0.08345866203308101,0.815787017345428,0.100754380226135,0.815787017345428,19689.6,0.00928662847391526,1,0,0.003995155841672426,0.0,0.01729571819305399,0.00019994813522178793,"(0.808, 0.898]"
2023-08-10,16946.2,0.018569775654029,1.037120964440961,sideways,bull,0.074730813503265,0.8230707645416261,0.102198429405689,0.8230707645416261,19596.8,0.022447542455911185,2,0,-0.004713148057857941,-0.0,0.027467615902423997,-8.151728061085068e-05,"(0.808, 0.898]"
2023-08-11,16852.85,0.012338225974548,1.044089850313717,sideways,bull,0.11251489818096101,0.543842017650604,0.34364303946495,0.543842017650604,19504.35,0.027786109252551316,2,0,-0.0047176069562377965,-0.0,0.231128141283989,-0.00012958141585254338,"(0.344, 0.574]"
2023-08-14,16809.85,0.001796814007401,1.068039644888616,sideways,bull,0.15717549622058802,0.41312631964683505,0.429698199033737,0.429698199033737,19478.35,0.03320609805245334,2,0,-0.0013330359637722111,-0.0,0.272522702813149,-0.00030810212457138206,"(0.344, 0.574]"
2023-08-16,16841.95,-0.0021595648876670003,1.014971915851631,sideways,bull,0.15001423656940402,0.35874581336975103,0.49123996496200506,0.49123996496200506,19484.55,0.0352818001955395,2,0,0.0003183021149122389,0.0,0.341225728392601,8.674455266702489e-05,"(0.344, 0.574]"
2023-08-17,16787.9,-0.005190957304968,0.9901586934205201,bull,bull,0.056404445320367,0.165246471762657,0.7783490419387811,0.7783490419387811,19393.9,0.04412212087305778,2,1,-0.0046524040842614856,-0.0,0.721944596618414,-0.0015875199724288372,"(0.716, 0.808]"
2023-08-18,16736.55,-0.013282749228415,1.000004969437505,bull,bull,0.06806998699903401,0.22544656693935303,0.706483483314514,0.706483483314514,19331.5,0.04383260481597384,2,1,-0.0032175065355601884,-0.0032175065355601884,0.6384134963154801,-0.002322861457932111,"(0.574, 0.716]"
2023-08-21,16846.15,-0.011245616351924,0.9805206435859731,bull,bull,0.08963751047849601,0.389679908752441,0.520682573318481,0.520682573318481,19399.55,0.029510993811712183,2,1,0.0035201613946149735,0.0035201613946149735,0.431045062839985,0.0022473185435309215,"(0.344, 0.574]"
2023-08-22,16900.85,-0.001341326140201,0.9996022640411051,sideways,bull,0.09011123329401001,0.6106969714164731,0.29919183254241905,0.6106969714164731,19386.3,0.020241098095046484,2,0,-0.0006830055336335406,-0.0006830055336335406,0.20908059924840905,-0.00029440616316512696,"(0.574, 0.716]"
2023-08-23,16948.95,0.005374191424427,0.973775651514815,sideways,sideways,0.102108977735042,0.5908600091934201,0.30703100562095603,0.5908600091934201,19430.9,0.014273656907296983,1,0,0.002300593718244537,0.0,0.20492202788591402,0.0004810095132376933,"(0.574, 0.716]"
2023-08-24,16926.25,0.001796293775412,0.9642055509184231,sideways,sideways,0.11833610385656301,0.6389557123184201,0.242708206176757,0.6389557123184201,19395.6,0.015720060219843734,1,0,-0.001816694028583532,-0.0,0.124372102320194,-0.000372280624385568,"(0.574, 0.716]"
2023-08-25,16802.45,-0.00997831697286,0.961704403281164,sideways,bull,0.07815840095281601,0.734083592891693,0.187757983803749,0.734083592891693,19250.3,0.022168485685937434,2,0,-0.007491389799748394,-0.0,0.10959958285093299,-0.0009317198986947648,"(0.716, 0.808]"
2023-08-28,16869.85,-0.004649337852867,0.9694614576865741,sideways,bull,0.063536785542964,0.79643565416336,0.140027627348899,0.79643565416336,19321.3,0.02058608892776359,2,0,0.003688254209025299,0.0,0.076490841805935,0.0004042311227573706,"(0.716, 0.808]"
2023-08-29,16933.6,-0.000543003517718,1.001209831472459,sideways,sideways,0.063899479806423,0.808501541614532,0.127598941326141,0.808501541614532,19337.1,0.009642086972710517,1,0,0.0008177503584128054,0.0,0.06369946151971799,6.255041330210055e-05,"(0.808, 0.898]"
2023-08-30,16964.95,-0.005172064985061,1.028133299160122,sideways,sideways,0.052825786173343006,0.89037024974823,0.056803934276103,0.89037024974823,19342.5,0.018947912627633512,1,0,0.0002792559380673243,0.0,0.003978148102759996,1.7788452881072274e-05,"(0.808, 0.898]"
2023-08-31,16944.35,-0.006310128753603,0.988885833078268,sideways,sideways,0.057274427264928006,0.8144728541374201,0.128252699971199,0.8144728541374201,19253.8,0.016500638834931358,1,0,-0.004585756753263559,-0.0,0.070978272706271,-1.8242819527714265e-05,"(0.808, 0.898]"
2023-09-01,17066.35,0.01281271420051,0.9886274086755981,sideways,sideways,0.123305812478065,0.7150772213935851,0.161616936326026,0.7150772213935851,19512.1,-0.0021960732058567967,1,0,0.013415533557012083,0.0,0.038311123847960996,0.0009522113993097333,"(0.574, 0.716]"
2023-09-04,17187.2,0.024202895527991,0.8672741722638521,sideways,sideways,0.057923272252082006,0.6042271852493281,0.33784949779510504,0.6042271852493281,19608.8,-0.0020806984619150537,1,0,0.004955899160008492,0.0,0.27992622554302304,0.00018986606649709121,"(0.574, 0.716]"
2023-09-05,17255.55,0.022145281577092002,0.8750165312711481,sideways,sideways,0.047858089208602,0.773340106010437,0.178801774978637,0.773340106010437,19653.55,0.0012694907535788502,1,0,0.0022821386316347336,0.0,0.130943685770035,0.0006388304533194304,"(0.716, 0.808]"
2023-09-06,17287.1,0.019608190083546,0.853800749536869,sideways,sideways,0.0616643615067,0.7498300075531,0.188505560159683,0.7498300075531,19658.85,-0.0060888607421083485,1,0,0.00026967138252365075,0.0,0.126841198652983,3.5311764774347835e-05,"(0.716, 0.808]"
2023-09-07,17382.5,0.025543451006073,0.8520607330129141,sideways,sideways,0.05484141036868,0.7188140153884881,0.226344585418701,0.7188140153884881,19768.7,-0.0015479014806235591,1,0,0.005587814139687897,0.0,0.171503175050021,0.0007087650433280998,"(0.716, 0.808]"
2023-09-08,17486.4,0.028393987155661004,0.8812390182763371,sideways,sideways,0.036604776978492,0.597103178501129,0.36629208922386103,0.597103178501129,19872.45,-0.0011246725995034401,1,0,0.0052481953795646685,0.0,0.329687312245369,0.0009000821708781907,"(0.574, 0.716]"
2023-09-11,17654.4,0.041791080006137,0.9046696583586421,sideways,sideways,0.048240303993225,0.5218316912651061,0.42992797493934604,0.5218316912651061,20036.7,-0.009642306367815046,1,0,0.008265211385611648,0.0,0.38168767094612105,0.0027249353268621267,"(0.344, 0.574]"
2023-09-12,17455.7,0.035771397716113006,0.929677570597865,sideways,sideways,0.05906624346971501,0.5400843024253841,0.40084946155548,0.5400843024253841,20046.3,-0.015177364401410709,1,0,0.00047912081330747647,0.0,0.341783218085765,0.00018287450733314197,"(0.344, 0.574]"
2023-09-13,17523.7,0.042466173106839006,1.008383976693263,sideways,sideways,0.10789251327514601,0.6033558249473571,0.288751661777496,0.6033558249473571,20125.15,-0.01911786992891973,1,0,0.00393339419244465,0.0,0.18085914850235,0.0013443681250935914,"(0.574, 0.716]"
2023-09-14,17605.0,0.04530651141940201,0.9919242831940871,sideways,sideways,0.16793605685234,0.461862504482269,0.370201498270034,0.461862504482269,20172.0,-0.017891136228435522,1,0,0.0023279329595058407,0.0,0.202265441417694,0.00042102797282678195,"(0.344, 0.574]"
2023-09-15,17649.25,0.051307787156225006,0.997776854886226,bear,bear,0.7255592346191401,0.108528099954128,0.16591265797615,0.7255592346191401,20249.6,-0.027963515328697897,0,-1,0.0038469165179455533,0.0,-0.5596465766429901,0.0007780982675992757,"(0.716, 0.808]"
2023-09-18,17605.6,0.051925277312229005,0.9810715949106701,bear,bear,0.688520193099975,0.130252435803413,0.18122737109661102,0.688520193099975,20178.85,-0.027756784950579427,0,-1,-0.0034938961757269293,0.0034938961757269293,-0.507292822003364,0.001955347033891611,"(0.574, 0.716]"
2023-09-20,17457.95,0.036316903268699005,0.9746378371116331,sideways,bear,0.30437695980072005,0.255042284727096,0.44058075547218306,0.44058075547218306,19972.05,-0.02224108191197205,0,0,-0.010248354093518652,0.010248354093518652,0.136203795671463,0.005198916468990805,"(0.344, 0.574]"
2023-09-21,17308.15,0.024099379617001003,1.0325503331888,bear,bear,0.816438913345336,0.07645180076360701,0.10710923373699101,0.816438913345336,19778.7,-0.02576003478489486,0,-1,-0.009681029238360561,-0.0,-0.709329679608345,-0.0013185929282711212,"(0.808, 0.898]"
2023-09-22,17266.6,0.018741573961808002,1.085610848112649,bear,bear,0.8356277346611021,0.068558037281036,0.09581419080495801,0.8356277346611021,19708.25,-0.029441984955538958,0,-1,-0.0035619125625041548,0.0035619125625041548,-0.7398135438561441,0.0025265702967540112,"(0.808, 0.898]"
2023-09-25,17271.95,0.020423897791891,1.105132202002018,bear,bear,0.8373278975486751,0.06756046414375301,0.09511160850524901,0.8373278975486751,19700.5,-0.042803482145123195,0,-1,-0.00039323633503740574,0.00039323633503740574,-0.7422162890434261,0.00029092156659702513,"(0.808, 0.898]"
2023-09-26,17284.1,0.028665462477198003,1.13170246675031,bear,bear,0.880473375320434,0.048132743686437,0.07139384001493401,0.880473375320434,19677.05,-0.027732815640555963,0,-1,-0.0011903251186518027,0.0011903251186518027,-0.8090795353055,0.0008834786923209168,"(0.808, 0.898]"
2023-09-27,17347.95,0.028340500952883003,1.071808785601252,bear,bear,0.7485687136650081,0.17156782746315002,0.079863466322422,0.7485687136650081,19719.05,-0.02526237318734914,0,-1,0.0021344662944902115,-0.0021344662944902115,-0.6687052473425861,-0.001726952997671393,"(0.716, 0.808]"
2023-09-28,17194.9,0.015430859356545002,1.075646542381669,bear,sideways,0.8011484742164611,0.14096151292324002,0.057889968156814006,0.8011484742164611,19523.55,-0.018713297530418282,1,-1,-0.009914270717909845,0.009914270717909845,-0.743258506059647,0.0066297248526412614,"(0.716, 0.808]"
2023-09-29,17292.8,0.019325138005122002,1.13587521151187,bear,bear,0.779815077781677,0.15592546761035903,0.064259506762027,0.779815077781677,19709.0,-0.032916434116393556,0,-1,0.009498784800920035,-0.009498784800920035,-0.7155555710196501,-0.007060052600513907,"(0.716, 0.808]"
2023-10-03,17250.2,0.018050264542458002,1.165259731457487,bear,sideways,0.546058058738708,0.40459990501403803,0.049342043697834,0.546058058738708,19571.5,-0.016996653296885822,1,-1,-0.0069765081942260165,0.0069765081942260165,-0.49671601504087404,0.004992079304642665,"(0.344, 0.574]"
2023-10-04,17129.4,0.0036944044860200004,1.179725018030235,sideways,sideways,0.32216909527778603,0.611760973930358,0.066069915890693,0.611760973930358,19469.25,-0.008508288711686407,1,0,-0.005224433487469038,0.005224433487469038,-0.25609917938709303,0.0025950597827417167,"(0.574, 0.716]"
2023-10-05,17195.5,0.00048291752001400004,1.168301551498504,sideways,sideways,0.312510788440704,0.6222047805786131,0.065284423530101,0.6222047805786131,19568.0,-0.004164963205233074,1,0,0.005072100877024033,0.0,-0.247226364910603,-0.0012989608723744097,"(0.574, 0.716]"
2023-10-06,17290.9,0.0020486162423100003,1.139012580564968,sideways,sideways,0.331003159284591,0.5968749523162841,0.07212188094854301,0.5968749523162841,19678.5,-0.010244683283786804,1,0,0.0056469746524938635,0.0,-0.258881278336048,-0.0013960810160783736,"(0.574, 0.716]"
2023-10-09,17110.7,-0.010204140659798001,1.148299995002068,sideways,sideways,0.285064399242401,0.6592826247215271,0.05565296113491001,0.6592826247215271,19539.15,-0.002471960141562035,1,0,-0.007081332418629405,-0.0,-0.229411438107491,0.001833224388857279,"(0.574, 0.716]"
2023-10-10,17306.95,-0.004346325327196,1.207572083698449,sideways,sideways,0.298515856266021,0.6265657544136041,0.074918419122695,0.6265657544136041,19738.1,-0.012843181461234865,1,0,0.010182121535481148,0.0,-0.223597437143326,-0.002335895144439985,"(0.574, 0.716]"
2023-10-11,17405.65,-0.004617874462439,1.240438846153517,sideways,sideways,0.18187518417835202,0.727518320083618,0.09060646593570701,0.727518320083618,19850.1,-0.01851124175696839,1,0,0.005674305024293114,0.0,-0.09126871824264501,-0.0012687600610014383,"(0.716, 0.808]"
2023-10-12,17412.1,-0.013724623889795002,1.238120678246125,sideways,sideways,0.184373810887336,0.7355486750602721,0.08007751405239101,0.7355486750602721,19843.5,-0.017454078161614595,1,0,-0.0003324920277478771,-0.0,-0.104296296834945,3.0346121198446706e-05,"(0.716, 0.808]"
2023-10-13,17375.7,-0.004583030184982,1.1694854096447291,sideways,sideways,0.153508141636848,0.8078009486198421,0.038690906018018,0.8078009486198421,19742.05,-0.0009497493927935752,1,0,-0.005112505354398222,-0.0,-0.11481723561883,0.0005332153760125626,"(0.716, 0.808]"
2023-10-16,17390.75,-0.0075868680700990005,1.081777644187481,sideways,sideways,0.24390724301338101,0.6898813843727111,0.066211357712745,0.6898813843727111,19740.4,0.004523717857794152,1,0,-8.357794656577155e-05,-0.0,-0.17769588530063601,9.596188783380177e-06,"(0.574, 0.716]"
2023-10-17,17470.0,-0.007668276057938001,1.085524443612757,sideways,sideways,0.232584029436111,0.7245078086853021,0.042908128350973004,0.7245078086853021,19811.1,-0.0002321930634845426,1,0,0.0035814877104818343,0.0,-0.189675901085138,-0.0006364156294074176,"(0.716, 0.808]"
2023-10-18,17339.85,-0.017530489964162,1.088733313057056,sideways,sideways,0.23096187412738803,0.736091971397399,0.032946150749921,0.736091971397399,19683.35,0.0034470758280475966,1,0,-0.00644840518699108,-0.0,-0.19801572337746703,0.0012231070644046107,"(0.716, 0.808]"
2023-10-19,17299.25,-0.017400713409369002,1.098424997216754,sideways,sideways,0.254150450229644,0.709829688072204,0.03601985797286,0.709829688072204,19618.75,0.011343740044600148,1,0,-0.0032819616579493616,-0.0,-0.218130592256784,0.0006498800117959539,"(0.574, 0.716]"
2023-10-20,17208.0,-0.014317259472045001,1.102711525166129,sideways,sideways,0.20928417146205902,0.720613420009613,0.070102393627166,0.720613420009613,19527.85,0.01824317577203849,1,0,-0.004633322714240329,-0.0,-0.13918177783489302,0.0010106694277740528,"(0.716, 0.808]"
2023-10-23,16875.55,-0.024994005714071003,1.069536443650026,sideways,bull,0.30482342839241,0.41266158223152105,0.282514959573745,0.41266158223152105,19269.2,0.0311144209411911,2,0,-0.013245185721930341,-0.0,-0.022308468818664995,0.0018434884965316059,"(0.344, 0.574]"
2023-10-25,16763.25,-0.029151656956204003,1.1668555435442611,sideways,bull,0.264506489038467,0.23729638755321503,0.49819716811180104,0.49819716811180104,19128.0,0.03654067335842748,2,0,-0.007327756211986003,-0.0,0.23369067907333402,0.00016347102096586847,"(0.344, 0.574]"
2023-10-26,16561.0,-0.04116211545309,1.17541836253903,bull,bull,0.15054897964000702,0.31016296148300104,0.5392880439758301,0.5392880439758301,18857.25,0.0572432353604051,2,1,-0.014154642409033857,-0.0,0.38873906433582306,-0.0033078079966073347,"(0.344, 0.574]"
2023-10-27,16773.8,-0.029524244826169003,1.198434248663749,sideways,bull,0.24017955362796703,0.26652297377586304,0.49329751729965204,0.49329751729965204,19131.35,0.05227545364022945,2,0,0.014535523472404499,0.014535523472404499,0.25311796367168504,0.005650525794293919,"(0.344, 0.574]"
2023-10-30,16831.65,-0.029761441553612003,1.2656027212984249,bear,bull,0.521392285823822,0.076035141944885,0.40257257223129206,0.521392285823822,19220.9,0.047461357168498974,2,-1,0.00468079879360328,0.0,-0.11881971359252996,0.0011847942589937423,"(0.344, 0.574]"
2023-10-31,16807.15,-0.022550291074679003,1.2614963135613961,bear,bull,0.5960035324096681,0.085433550179004,0.318562924861907,0.5960035324096681,19158.2,0.06352110323516835,2,-1,-0.003262074096426315,0.003262074096426315,-0.27744060754776106,0.00038759870985498573,"(0.574, 0.716]"
2023-11-01,16731.35,-0.032467269615099,1.232733188628068,sideways,bull,0.39868575334548906,0.126896888017654,0.4744174182415,0.4744174182415,19060.25,0.09121863564223975,2,0,-0.0051126932592833185,0.0051126932592833185,0.07573166489601096,0.0014184687240609065,"(0.344, 0.574]"
2023-11-02,16900.25,-0.020286721313376003,1.2199927145333391,sideways,bull,0.44906505942344604,0.10933208465576101,0.441602855920791,0.44906505942344604,19238.85,0.08855778801747505,2,0,0.009370286328878041,0.0,-0.007462203502655029,0.0007096273842382646,"(0.344, 0.574]"
2023-11-03,16997.05,-0.0077264819550010005,1.255701653040398,sideways,bull,0.457648187875747,0.08855903893709101,0.45379275083541804,0.457648187875747,19303.6,0.08991587061480755,2,0,0.003365585780854996,0.0,-0.0038554370403289795,-2.5114686002382114e-05,"(0.344, 0.574]"
2023-11-06,17161.45,-0.001980169230321,1.283322784059475,bull,bull,0.41181519627571106,0.07934199273586201,0.5088427662849421,0.5088427662849421,19486.5,0.07924973699740834,2,1,0.009474916595868299,0.0,0.09702757000923101,-3.6529944397738406e-05,"(0.344, 0.574]"
2023-11-07,17195.85,-0.0054971111972190005,1.30334660149756,bull,bull,0.36238411068916304,0.053291279822587,0.584324598312377,0.584324598312377,19476.9,0.08205104508417649,2,1,-0.0004926487568315263,-0.0004926487568315263,0.221940487623214,-4.780051174343154e-05,"(0.574, 0.716]"
2023-11-08,17254.95,0.008430397353702001,1.298070488271215,bull,bull,0.261594861745834,0.044582922011613006,0.693822264671325,0.693822264671325,19490.85,0.08176144190735668,2,1,0.0007162330761054658,0.0007162330761054658,0.432227402925491,0.00015896111816272163,"(0.574, 0.716]"
2023-11-09,17222.65,-0.004870875573107,1.252011778586592,bull,bull,0.23277090489864302,0.059277590364217,0.707951486110687,0.707951486110687,19484.6,0.07895209550106252,2,1,-0.0003206632855929925,-0.0003206632855929925,0.475180581212044,-0.00013859945914541417,"(0.574, 0.716]"
2023-11-10,17268.95,-0.007853771620134,1.188330067002698,bull,bull,0.335847288370132,0.079183086752891,0.5849696397781371,0.5849696397781371,19482.65,0.07962469171288289,2,1,-0.00010007903677766716,-0.00010007903677766716,0.2491223514080051,-4.755561486315341e-05,"(0.574, 0.716]"
2023-11-13,17314.0,-0.0056340131288010005,1.17503592413061,bull,bull,0.269029945135116,0.085857667028903,0.6451123952865601,0.6451123952865601,19497.15,0.0938855166011443,2,1,0.0007442519369798006,0.0007442519369798006,0.37608245015144404,0.00018540979258037035,"(0.574, 0.716]"
2023-11-15,17506.5,0.007527754277525001,1.181190801129962,bull,bull,0.264016836881637,0.058769281953573005,0.6772139072418211,0.6772139072418211,19723.3,0.09297632749083573,2,1,0.011599131155066056,0.011599131155066056,0.41319707036018405,0.0043622296644251915,"(0.574, 0.716]"
2023-11-16,17588.1,0.011347986717076,1.221551965970524,bull,bull,0.10396697372198101,0.032499000430107006,0.8635340332984921,0.8635340332984921,19829.7,0.08308496850683578,2,1,0.005394634772071694,0.005394634772071694,0.759567059576511,0.002229047283483203,"(0.808, 0.898]"
2023-11-17,17591.4,0.006949055523755,1.228657229973695,bull,bull,0.231335461139678,0.025923455134034,0.742741048336029,0.742741048336029,19806.5,0.08690328932421165,2,1,-0.0011699622283746214,-0.0011699622283746214,0.511405587196351,-0.0008886647696220936,"(0.716, 0.808]"
2023-11-20,17575.25,0.013575665302756001,1.2208469405552331,bull,bull,0.24050445854663802,0.043994627892971004,0.715500950813293,0.715500950813293,19751.2,0.07421574385353802,2,1,-0.002792012723095927,-0.002792012723095927,0.47499649226665497,-0.0014278509061145554,"(0.574, 0.716]"
2023-11-21,17624.4,0.018795612526554,1.193655051261608,bull,bull,0.21270211040973602,0.05970985814929,0.727588057518005,0.727588057518005,19841.3,0.07605852439104299,2,1,0.004561748146947986,0.004561748146947986,0.514885947108269,0.0021668143684042064,"(0.716, 0.808]"
2023-11-22,17626.6,0.024325894932589003,1.19332096162419,bull,bull,0.20911370217800102,0.10132294893264701,0.689563393592834,0.689563393592834,19884.1,0.07635497709224959,2,1,0.0021571167211824616,0.0021571167211824616,0.480449691414833,0.0011106690860091155,"(0.574, 0.716]"
2023-11-23,17644.4,0.045559996563075,1.181279935512541,bull,bull,0.17591392993927002,0.15421034395694702,0.6698756814002991,0.6698756814002991,19868.75,0.08070714061025486,2,1,-0.0007719735869362587,-0.0007719735869362587,0.49396175146102905,-0.0003708944716239273,"(0.574, 0.716]"
2023-11-24,17636.0,0.052063293215814,0.92948227813407,bull,bull,0.11568116396665501,0.240162014961242,0.644156813621521,0.644156813621521,19826.95,0.09355195831935825,2,1,-0.0021038062283736947,-0.0021038062283736947,0.5284756496548659,-0.001039199809302092,"(0.574, 0.716]"
2023-11-28,17752.8,0.071964253366342,0.881456624841047,bull,bull,0.060504510998725,0.166024640202522,0.7734708786010741,0.7734708786010741,19936.7,0.09239242201567954,2,1,0.005535395005283217,0.005535395005283217,0.7129663676023491,0.002925321471513348,"(0.716, 0.808]"
2023-11-29,17901.95,0.06725667409889201,0.71790021108038,bull,bull,0.041771072894334,0.162381887435913,0.7958469986915581,0.7958469986915581,20131.45,0.08715219221665604,2,1,0.009768417039931476,0.009768417039931476,0.754075925797224,0.006964552814184836,"(0.716, 0.808]"
2023-11-30,17986.05,0.068585076329414,0.6618452369989251,bull,bull,0.045318372547626,0.174674242734909,0.7800073623657221,0.7800073623657221,20133.15,0.08720691993056229,2,1,8.444498533388689e-05,8.444498533388689e-05,0.734688989818096,6.367793049458376e-05,"(0.716, 0.808]"
2023-12-01,18101.9,0.077035666368182,0.663355856888246,bull,bull,0.040227089077234005,0.15168365836143402,0.8080892562866211,0.8080892562866211,20375.15,0.06780808975639441,2,1,0.012019977003101756,0.012019977003101756,0.767862167209387,0.008830944762045575,"(0.808, 0.898]"
2023-12-04,18450.95,0.102777121989558,0.6479618059769641,bull,bull,0.038155902177095004,0.109890900552272,0.851953208446502,0.851953208446502,20798.9,0.03851646000509645,2,1,0.02079739290262883,0.02079739290262883,0.813797306269407,0.0159695311865177,"(0.808, 0.898]"
2023-12-05,18589.3,0.09994230854573101,0.732391088307586,bull,bull,0.035642936825752,0.06166700646281201,0.9026899933815,0.9026899933815,20942.6,0.04026959403321473,2,1,0.006909019226978286,0.006909019226978286,0.867047056555748,0.0056225412358784695,"(0.898, 0.988]"
2023-12-06,18684.3,0.09926722578329701,0.7127839532188861,bull,bull,0.017399013042449,0.029761718586087,0.9528392553329461,0.9528392553329461,21039.3,0.03586383577400376,2,1,0.004617382750947918,0.004617382750947918,0.9354402422904972,0.004003488123200675,"(0.898, 0.988]"
2023-12-07,18712.55,0.090382805648706,0.7144318788603511,bull,bull,0.016079522669315,0.024481341242790004,0.9594391584396361,0.9594391584396361,21030.8,0.02609268311238755,2,1,-0.00040400583669608636,-0.00040400583669608636,0.9433596357703211,-0.00037792331776576206,"(0.898, 0.988]"
2023-12-08,18706.95,0.087875853767042,0.703083327572051,bull,bull,0.054225161671638,0.061771862208843,0.8840029239654541,0.8840029239654541,21075.0,0.025710557532621525,2,1,0.002101679441580906,0.002101679441580906,0.8297777622938161,0.0019826395525157354,"(0.808, 0.898]"
2023-12-11,18772.7,0.087960266474258,0.7148405100632641,bull,bull,0.0679497346282,0.063726469874382,0.868323802947998,0.868323802947998,21084.45,0.02962609885484313,2,1,0.0004483985765124654,0.0004483985765124654,0.8003740683197981,0.000372071167434246,"(0.808, 0.898]"
2023-12-12,18683.35,0.08481273207084801,0.714195382262871,bull,bull,0.049016546458005,0.10111627727746901,0.8498671650886531,0.8498671650886531,21022.95,0.031180210198854086,2,1,-0.0029168415585894003,-0.0029168415585894003,0.8008506186306481,-0.002334564344892459,"(0.808, 0.898]"
2023-12-13,18759.45,0.086310980111703,0.7425858019661701,bull,bull,0.07089626789093001,0.187993690371513,0.74111008644104,0.74111008644104,21033.95,0.04340839452409084,2,1,0.0005232376997519328,0.0005232376997519328,0.6702138185501101,0.0004190352355372127,"(0.716, 0.808]"
2023-12-14,18983.6,0.09643063416888001,0.743439899148649,bull,bull,0.084546089172363,0.26098275184631303,0.654471218585968,0.654471218585968,21327.65,0.037774907221376886,2,1,0.013963140541838337,0.013963140541838337,0.569925129413605,0.009358289741497324,"(0.574, 0.716]"
2023-12-15,19137.55,0.093168251792191,0.7775785602070111,bull,bull,0.098998256027698,0.265831857919693,0.635169863700866,0.635169863700866,21557.1,0.021913893798330975,2,1,0.010758334837640104,0.010758334837640104,0.5361716076731681,0.006131445374616931,"(0.574, 0.716]"
2023-12-18,19149.9,0.08879867637777801,0.771155508197216,sideways,sideways,0.072974815964698,0.656906306743621,0.27011889219284,0.656906306743621,21477.25,0.005228788601892687,1,0,-0.0037041160452936372,-0.0037041160452936372,0.197144076228142,-0.001986041855013067,"(0.574, 0.716]"
2023-12-19,19167.85,0.08961481178303,0.7804741618446751,sideways,sideways,0.07292805612087201,0.6471208930015561,0.279951035976409,0.6471208930015561,21527.75,-1.3935501852246901e-05,1,0,0.002351325239497548,0.0,0.20702297985553703,0.0004635498422526589,"(0.574, 0.716]"
2023-12-20,18738.25,0.066172600674243,0.7782155715814201,sideways,bull,0.34791070222854603,0.43524724245071406,0.21684211492538402,0.43524724245071406,21217.05,0.02144973028766972,2,0,-0.014432534751657733,-0.0,-0.131068587303162,-0.002987866351156777,"(0.344, 0.574]"
2023-12-21,18964.7,0.076047978938289,1.049931227677369,sideways,sideways,0.19443649053573603,0.746716976165771,0.05884651467204,0.746716976165771,21350.4,0.01262739808153479,1,0,0.006285039626149791,0.0,-0.13558997586369603,-0.0008237712649438466,"(0.716, 0.808]"
2023-12-22,19039.0,0.08012889610021201,1.06542511074582,sideways,sideways,0.13128823041915802,0.8180804252624511,0.050631389021873,0.8180804252624511,21402.35,-0.009723231327400939,1,0,0.002433209682254134,0.0,-0.08065684139728502,-0.0003299188420881495,"(0.808, 0.898]"
2023-12-26,19157.75,0.085769422593003,1.074266534734715,sideways,sideways,0.10261023789644201,0.8453232049942011,0.052066583186388,0.8453232049942011,21472.3,0.00024682963632205457,1,0,0.0032683326830933446,0.0,-0.05054365471005401,-0.0002636133908538229,"(0.808, 0.898]"
2023-12-27,19291.4,0.09386482195509101,1.086533650136869,sideways,sideways,0.07548978179693201,0.855301558971405,0.069208689033985,0.855301558971405,21681.8,-0.01518324124380821,1,0,0.009756756379148968,0.0,-0.006281092762947013,-0.0004931421255178222,"(0.808, 0.898]"
2023-12-28,19398.75,0.09271495200757,1.079083026136497,sideways,sideways,0.072920635342597,0.8801807165145871,0.046898689121007,0.8801807165145871,21778.7,0.0035149021750608966,1,0,0.004469186137682435,0.0,-0.02602194622159,-2.8071372705660255e-05,"(0.808, 0.898]"
2023-12-29,19420.1,0.084803610779831,1.075507448519684,sideways,sideways,0.10089579969644501,0.8634203672409051,0.035683866590261,0.8634203672409051,21885.95,-0.011671871680233203,1,0,0.004924536358919429,0.0,-0.065211933106184,-0.000128146020298066,"(0.808, 0.898]"
2024-01-01,19428.8,0.08021494435965601,1.071466863380486,sideways,sideways,0.09421469271183,0.8835730552673341,0.022212268784642,0.8835730552673341,21888.9,-0.0036685260565858524,1,0,0.00013478967099911365,0.0,-0.072002423927188,-8.78989500859875e-06,"(0.808, 0.898]"
2024-01-02,19415.9,0.072589065236245,1.076232174260016,sideways,sideways,0.10599560290575001,0.87180870771408,0.02219564653933,0.87180870771408,21756.75,-0.00024360256012501136,1,0,-0.00603730658004753,-0.0,-0.08379995636642001,0.00043470070775498385,"(0.808, 0.898]"
2024-01-03,19370.3,0.049826702690105,1.098671782723871,sideways,sideways,0.222936287522315,0.755134165287017,0.02192953415215,0.755134165287017,21600.0,0.016268518518518515,1,0,-0.0072046606225654175,-0.0,-0.201006753370165,0.0006037502458058464,"(0.716, 0.808]"
2024-01-04,19550.05,0.051682957400224,0.986963243347253,sideways,sideways,0.277558743953704,0.67779529094696,0.044645931571722,0.67779529094696,21785.95,0.0008032699974065416,1,0,0.008608796296296406,0.0,-0.232912812381982,-0.0017304261939436415,"(0.574, 0.716]"
2024-01-05,19587.95,0.048364134594285006,0.991756731908452,sideways,sideways,0.272892206907272,0.6827680468559261,0.044339705258607004,0.6827680468559261,21793.85,0.008520752414098443,1,0,0.0003626190274006458,0.0,-0.228552501648665,-8.44586174951034e-05,"(0.574, 0.716]"
2024-01-08,19420.45,0.03783022623854,1.001302773229432,sideways,sideways,0.314314067363739,0.6505582332611081,0.035127714276313005,0.6505582332611081,21579.55,0.01965518280038281,1,0,-0.009833049231778634,-0.0,-0.279186353087426,0.0022473680007574904,"(0.574, 0.716]"
2024-01-09,19461.8,0.040351313281961,1.03590657533794,sideways,sideways,0.267715454101562,0.704982936382293,0.027301630005240003,0.704982936382293,21616.85,0.009147956339614627,1,0,0.0017284883141677199,0.0,-0.240413824096322,-0.0004825703487867188,"(0.574, 0.716]"
2024-01-10,19524.15,0.040028871712646005,1.035951108250448,sideways,sideways,0.27807244658470104,0.680505156517028,0.041422396898269,0.680505156517028,21709.1,0.006149494912271791,1,0,0.004267504284851897,0.0,-0.23665004968643205,-0.0010259670244686845,"(0.574, 0.716]"
2024-01-11,19592.65,0.048669002079391004,1.061325180126609,sideways,sideways,0.21501396596431702,0.7154912948608391,0.069494739174842,0.7154912948608391,21678.45,0.0008948979285878789,1,0,-0.0014118503300458718,-0.0,-0.14551922678947501,0.00033411445075516105,"(0.574, 0.716]"
2024-01-12,19753.05,0.052965305486035,1.055315839501385,sideways,sideways,0.120736807584762,0.849028348922729,0.030234849080443,0.849028348922729,21947.0,-0.005615801704105361,1,0,0.012387878284655818,0.0,-0.090501958504319,-0.0018026744695452427,"(0.808, 0.898]"
2024-01-15,19893.05,0.047907140900566005,1.065618126001652,sideways,sideways,0.282985270023345,0.664288759231567,0.052725952118635004,0.664288759231567,22133.3,-0.009779382197864783,1,0,0.008488631703649663,0.0,-0.23025931790471,-0.0007682377942021484,"(0.574, 0.716]"
2024-01-16,19826.1,0.035979004627028,1.028434120667604,sideways,sideways,0.24725502729415802,0.732540130615234,0.020204819738864,0.732540130615234,22029.5,-0.0011098753943575845,1,0,-0.004689766099045256,-0.0,-0.227050207555294,0.0010798623430987933,"(0.716, 0.808]"
2024-01-17,19497.2,0.018135864939242,1.021971885868062,bear,bull,0.5566443204879761,0.41382449865341103,0.029531188309192002,0.5566443204879761,21589.55,0.023541481874332693,2,-1,-0.01997094804693711,-0.0,-0.5271131321787841,0.004534407899133064,"(0.344, 0.574]"
2024-01-18,19430.05,0.013679155460836001,1.10600082948057,bear,bull,0.7945373654365541,0.13999465107917702,0.06546796113252601,0.7945373654365541,21527.45,0.029912971578147873,2,-1,-0.0028763915875966717,0.0028763915875966717,-0.729069404304028,0.001516183779110787,"(0.716, 0.808]"
2024-01-19,19614.7,0.046773311275065,1.109964416606497,sideways,bull,0.496051639318466,0.39037972688674905,0.113568596541881,0.496051639318466,21672.15,0.02514978901493392,2,0,0.0067216507296499195,-0.0067216507296499195,-0.382483042776585,-0.004900549893405602,"(0.344, 0.574]"
2024-01-20,19611.85,0.034123924976403,0.8890970421972221,sideways,bull,0.305756449699401,0.6293347477912901,0.064908817410469,0.6293347477912901,21620.0,0.020820999074930624,2,0,-0.00240631409435621,-0.0,-0.24084763228893202,0.0009203743366855457,"(0.574, 0.716]"
2024-01-23,19211.0,0.009034087924785,0.8393099854574161,bull,bull,0.19267436861991802,0.13460145890712702,0.6727241873741151,0.6727241873741151,21194.25,0.04949455630654542,2,1,-0.019692414431082383,-0.0,0.48004981875419706,0.004742871389778589,"(0.574, 0.716]"
2024-01-24,19454.8,0.015505474285863002,0.9902403634059841,bull,bull,0.38125213980674705,0.108465917408466,0.510281920433044,0.510281920433044,21477.6,0.03497830297612392,2,1,0.013369192115786133,0.013369192115786133,0.12902978062629694,0.006417878252073173,"(0.344, 0.574]"
2024-01-25,19406.1,0.005945654540364001,1.085347879306293,bull,bull,0.347672760486602,0.12312195450067501,0.52920526266098,0.52920526266098,21352.6,0.03695334526006211,2,1,-0.005820017134130495,-0.005820017134130495,0.181532502174378,-0.0007509555340581472,"(0.344, 0.574]"
2024-01-29,19714.8,0.016292286874154002,1.08138231448141,sideways,sideways,0.359529972076416,0.530159771442413,0.110310219228267,0.530159771442413,21855.25,0.015913796456229035,1,0,0.02354045877317046,0.02354045877317046,-0.249219752848149,0.004273358383426422,"(0.344, 0.574]"
2024-01-30,19576.85,0.008071534132161001,1.170929683692667,bear,sideways,0.505364298820495,0.40970730781555104,0.084928333759307,0.505364298820495,21630.5,0.01344629111671014,1,-1,-0.010283570309193468,-0.0,-0.4204359650611881,0.0025628688508537597,"(0.344, 0.574]"
2024-01-31,19792.35,0.018711912212797003,1.19486137778454,sideways,sideways,0.399564713239669,0.531182050704956,0.06925319135189001,0.531182050704956,21808.6,0.007987674587089488,1,0,0.008233744018862232,-0.008233744018862232,-0.330311521887779,-0.0034617621126371277,"(0.344, 0.574]"
2024-02-01,19771.0,0.018289134163237002,1.221519676237096,sideways,bull,0.26955646276474,0.30062335729599,0.429820239543914,0.429820239543914,21751.45,0.03180247753598042,2,0,-0.002620525847601307,-0.0,0.16026377677917403,0.0008655898808674498,"(0.344, 0.574]"
2024-02-02,19908.65,0.027792548385931003,1.222578426100399,sideways,bull,0.22282542288303303,0.27977424860000605,0.49740028381347606,0.49740028381347606,21951.4,0.024898184170485615,2,0,0.00919249061556826,0.0,0.27457486093044303,0.0014732232640580838,"(0.344, 0.574]"
2024-02-05,19847.2,0.015199449617776,1.236654642471113,bull,bull,0.182576745748519,0.28856223821640004,0.528860986232757,0.528860986232757,21803.45,0.02888533695355555,2,1,-0.00673988902757916,-0.0,0.346284240484238,-0.0018506040924341667,"(0.344, 0.574]"
2024-02-06,20040.95,0.023126462952989,1.222226268128725,sideways,bull,0.23246364295482602,0.301732957363128,0.465803414583206,0.465803414583206,21979.55,0.027912309396689094,2,0,0.008076703457480239,0.008076703457480239,0.23333977162838,0.0027968351223899637,"(0.344, 0.574]"
2024-02-07,20125.75,0.036317387084233,1.242409707940122,bull,bull,0.18364034593105302,0.172476351261138,0.6438832879066461,0.6438832879066461,22003.7,0.024934442843703497,2,1,0.0010987486095030974,0.0,0.460242941975593,0.0002563817496184528,"(0.574, 0.716]"
2024-02-08,20017.3,0.028543094677778002,1.217733251904072,bull,bull,0.283452153205871,0.21418438851833302,0.502363443374633,0.502363443374633,21814.6,0.027813941122000863,2,1,-0.008594009189363705,-0.008594009189363705,0.21891129016876198,-0.003955332072678033,"(0.344, 0.574]"
2024-02-09,19963.2,0.022487534668602,1.22399424927477,bull,bull,0.25821116566658003,0.23366576433181702,0.508123099803924,0.508123099803924,21842.6,0.027672987647990643,2,1,0.0012835440484812999,0.0012835440484812999,0.24991193413734397,0.0002809822836414773,"(0.344, 0.574]"
2024-02-12,19669.3,0.003912181353721,1.223736001981938,sideways,sideways,0.481827616691589,0.277469515800476,0.24070286750793402,0.481827616691589,21697.85,0.018683878817486566,1,0,-0.006626958329136623,-0.006626958329136623,-0.241124749183655,-0.0016561559734821149,"(0.344, 0.574]"
2024-02-13,19776.3,0.001177033420155,1.254365880822363,sideways,bull,0.254319787025451,0.53501957654953,0.210660681128501,0.53501957654953,21823.75,0.020198178589839078,2,0,0.005802418211942717,0.0,-0.04365910589694999,-0.0013991066360133596,"(0.344, 0.574]"
2024-02-14,19936.8,0.002199260545768,1.240740776890503,sideways,sideways,0.189692080020904,0.608458340167999,0.20184960961341802,0.608458340167999,21916.85,0.009871400315282663,1,0,0.004265994615957336,0.0,0.01215752959251401,-0.00018624951069389983,"(0.574, 0.716]"
2024-02-15,20043.0,0.010940124381497001,1.239983371361316,sideways,sideways,0.18787202239036502,0.6415575742721551,0.170570358633995,0.6415575742721551,22005.05,0.00592591246100338,1,0,0.0040243009374065775,0.0,-0.017301663756370017,4.892555773570234e-05,"(0.574, 0.716]"
2024-02-16,20154.5,0.033712533081673005,1.255189850996766,sideways,sideways,0.17072384059429102,0.7067934870719911,0.12248272448778101,0.7067934870719911,22097.8,-0.009562037849921712,1,0,0.0042149415702303905,0.0,-0.04824111610651001,-7.292550180087247e-05,"(0.574, 0.716]"
2024-02-19,20240.55,0.041713737226615005,1.155201641110657,sideways,sideways,0.219682693481445,0.7174823284149171,0.062835000455379,0.7174823284149171,22171.4,-0.011787708489315207,1,0,0.003330648299830763,0.0,-0.156847693026066,-0.000160674191342086,"(0.716, 0.808]"
2024-02-20,20281.6,0.034000010196434005,1.147600105900545,sideways,sideways,0.20207788050174702,0.749780416488647,0.04814165085554101,0.749780416488647,22217.2,-0.005162666762688395,1,0,0.0020657243115003165,0.0,-0.153936229646206,-0.00032400409268668317,"(0.716, 0.808]"
2024-02-21,20111.55,0.025479493265551004,1.127934884884402,sideways,sideways,0.306407123804092,0.631158649921417,0.062434241175651,0.631158649921417,22070.15,0.004318049492187281,1,0,-0.006618745836559081,-0.0,-0.24397288262844102,0.0010188647790664287,"(0.574, 0.716]"
2024-02-22,20287.6,0.056040809952631006,1.14414726672457,sideways,sideways,0.16623443365097001,0.7979432940483091,0.035822246223688,0.7979432940483091,22243.25,-0.006954918907983387,1,0,0.00784317279221014,0.0,-0.130412187427282,-0.0019135214750684666,"(0.716, 0.808]"
2024-02-23,20299.0,0.043392890186483006,0.9690310277077171,sideways,sideways,0.23752002418041201,0.715542793273925,0.046937171369791,0.715542793273925,22228.85,-0.0027801708140546832,1,0,-0.0006473874096636356,-0.0,-0.190582852810621,8.442720820711664e-05,"(0.574, 0.716]"
2024-02-26,20254.45,0.043715635805236006,0.9257475561749441,sideways,sideways,0.226503461599349,0.6910545825958251,0.08244197070598601,0.6910545825958251,22141.65,0.008366585146093453,1,0,-0.00392283001594762,-0.0,-0.144061490893363,0.0007476241355304314,"(0.574, 0.716]"
2024-02-27,20291.2,0.029236918457199,0.923107213340101,sideways,sideways,0.38121935725212003,0.5224594473838801,0.09632121026515901,0.5224594473838801,22203.05,0.017995275423871915,1,0,0.002773054401997932,0.0,-0.28489814698696103,-0.00039949035148022525,"(0.344, 0.574]"
2024-02-28,19994.9,0.021354303680112003,0.8356387448174261,sideways,bull,0.419054478406906,0.38598218560218805,0.194963350892066,0.419054478406906,21921.35,0.02993200692475617,2,0,-0.01268744609411776,-0.0,-0.22409112751484,0.003614629882211106,"(0.344, 0.574]"
2024-02-29,20140.95,0.017612865576851003,0.8908008172844971,sideways,bull,0.37252005934715204,0.49869662523269603,0.128783330321311,0.49869662523269603,21982.8,0.025465363829903387,2,0,0.0028032032698717124,0.0,-0.24373672902584104,-0.0006281729813988384,"(0.344, 0.574]"
2024-03-01,20343.9,0.028976784178847,0.8627816803139041,sideways,sideways,0.14583958685398102,0.811251163482666,0.042909286916255,0.811251163482666,22443.2,0.007532348328224137,1,0,0.020943646851174558,0.0,-0.10293029993772601,-0.005104735977377642,"(0.808, 0.898]"
2024-03-04,20424.7,0.025920893681891002,0.889340831996666,sideways,sideways,0.17664428055286402,0.780433416366577,0.042922344058752004,0.780433416366577,22497.95,0.004335950608833183,1,0,0.0024394916945889022,0.0,-0.13372193649411201,-0.0002510976118196272,"(0.716, 0.808]"
2024-03-05,20388.55,0.027275887782659002,0.9132600526111261,sideways,sideways,0.17318955063819802,0.76744133234024,0.05936916172504401,0.76744133234024,22433.25,0.014052801087671263,1,0,-0.0028758175744901804,-0.0,-0.11382038891315402,0.00038455989506462715,"(0.716, 0.808]"
2024-03-06,20383.7,0.017102482666739003,0.911918259880178,sideways,sideways,0.19947226345539001,0.7561963796615601,0.044331353157758005,0.7561963796615601,22593.05,0.006298397073436268,1,0,0.007123354841585661,0.0,-0.155140910297632,-0.0008107830184356786,"(0.716, 0.808]"
2024-03-07,20428.5,0.015042917655242,0.8804786669862901,sideways,sideways,0.20574632287025402,0.736402869224548,0.0578508451581,0.736402869224548,22552.35,0.011530949102865229,1,0,-0.0018014389380806017,-0.0,-0.147895477712154,0.00027947687669942407,"(0.716, 0.808]"
2024-03-11,20276.05,0.012926318734294001,0.875936852578538,sideways,sideways,0.29892542958259505,0.62169998884201,0.07937459647655401,0.62169998884201,22421.35,0.008032522573350853,1,0,-0.005808707296578897,-0.0,-0.21955083310604104,0.0008590815405176105,"(0.574, 0.716]"
2024-03-12,20164.7,0.010093572172797001,0.8804879345595641,sideways,sideways,0.254023939371109,0.6602265238761901,0.085749521851539,0.6602265238761901,22447.05,-0.003998298217360419,1,0,0.0011462289291233052,0.0,-0.16827441751957,-0.0002516555163192669,"(0.574, 0.716]"
2024-03-13,19630.95,-0.001949738933261,0.887315736844915,sideways,sideways,0.22660234570503202,0.55761307477951,0.215784609317779,0.55761307477951,22103.25,0.004411116012351224,1,0,-0.015316043756306463,-0.0,-0.010817736387253002,0.0025772983417967172,"(0.344, 0.574]"
2024-03-14,19926.9,0.007615175740659,0.9911100355822541,sideways,sideways,0.40441158413887,0.45255663990974404,0.143031746149063,0.45255663990974404,22264.55,-0.009402839940623076,1,0,0.007297569361971679,0.0,-0.261379837989807,-7.89431816255037e-05,"(0.344, 0.574]"
2024-03-15,19802.5,-0.006736286665864,1.03182821348745,sideways,sideways,0.325550079345703,0.5279499292373651,0.146500021219253,0.5279499292373651,22133.2,-0.00020331447779808887,1,0,-0.005899512902798332,-0.0,-0.17905005812645,0.001542013726752204,"(0.344, 0.574]"
2024-03-18,19844.25,-0.009916180212543,1.032032767404586,sideways,sideways,0.314902454614639,0.520068109035491,0.16502945125102902,0.520068109035491,22135.45,0.010063043669769511,1,0,0.00010165723889898892,0.0,-0.14987300336360998,-1.820173453383838e-05,"(0.344, 0.574]"
2024-03-19,19603.65,-0.0273313652038,1.029768596687229,sideways,bull,0.40676325559616006,0.24780219793319702,0.34543451666831904,0.40676325559616006,21886.5,0.022139218239554115,2,0,-0.011246665416786206,-0.0,-0.06132873892784102,0.0016855715238393951,"(0.344, 0.574]"
2024-03-20,19641.2,-0.029611349493961003,1.03856487477777,sideways,bull,0.36369255185127203,0.21390214562416002,0.42240530252456604,0.42240530252456604,21910.05,0.02303280914466188,2,0,0.0010760057569734194,0.0,0.05871275067329401,-6.599007615427678e-05,"(0.344, 0.574]"
2024-03-21,19897.35,-0.018945743925528002,1.032115791067457,sideways,bull,0.46283149719238204,0.253269255161285,0.283899247646331,0.46283149719238204,22102.5,0.021167288768238812,2,0,0.008783640384207203,0.0,-0.17893224954605103,0.0005157116878818339,"(0.344, 0.574]"
2024-03-22,19984.25,-0.006329696119891001,1.133595217428969,bear,sideways,0.5033607482910151,0.36037307977676303,0.13626615703105902,0.5033607482910151,22165.45,0.017619764092314805,1,-1,0.0028480941070014865,0.0,-0.367094591259956,-0.0005096158854846273,"(0.344, 0.574]"
2024-03-26,20010.2,-0.013673376841025,1.137043705958083,sideways,bull,0.482261717319488,0.34512919187545704,0.17260910570621402,0.482261717319488,22088.55,0.02997027871906477,2,0,-0.003469363356033872,0.003469363356033872,-0.309652611613274,0.0012735845231155237,"(0.344, 0.574]"
2024-03-27,20100.5,-0.009778806837775001,1.1132310870510571,sideways,bull,0.26481673121452304,0.606104016304016,0.12907928228378202,0.606104016304016,22167.05,0.024867991004666745,2,0,0.0035538774613996793,0.0,-0.13573744893074102,-0.001100467437275963,"(0.574, 0.716]"
2024-03-28,20264.7,0.0005060616309,1.122749158600587,sideways,bull,0.22840321063995303,0.6031254529953001,0.168471321463584,0.6031254529953001,22326.9,0.02002293197891336,2,0,0.007211153491330613,0.0,-0.05993188917636902,-0.0009788235787612238,"(0.574, 0.716]"
2024-04-01,20496.5,0.010117686484781,1.140725923318762,sideways,sideways,0.14596576988697002,0.6535406112670891,0.20049361884593903,0.6535406112670891,22602.6,-0.0012122499181509427,1,0,0.01234833317657169,0.0,0.054527848958969005,-0.0007400589354511754,"(0.574, 0.716]"
2024-04-02,20574.75,0.028999894973218,1.16508961510301,sideways,sideways,0.11770010739564801,0.624489545822143,0.25781038403511003,0.624489545822143,22577.5,-0.0012113830140626503,1,0,-0.001110491713342654,-0.0,0.14011027663946202,-6.055272441533494e-05,"(0.574, 0.716]"
2024-04-03,20612.55,0.023414982907956003,1.093809198858637,sideways,sideways,0.150873824954032,0.586225032806396,0.26290112733840904,0.586225032806396,22542.6,-0.007133161214766703,1,0,-0.001545786734580945,-0.0,0.11202730238437703,-0.00021658060700774687,"(0.574, 0.716]"
2024-04-04,20686.05,0.016818309173757002,1.082544447177678,sideways,sideways,0.49417424201965304,0.414424180984497,0.09140159189701001,0.49417424201965304,22612.25,-0.009658481575252398,1,0,0.0030897057127394767,0.0,-0.402772650122643,0.0003461313961598025,"(0.344, 0.574]"
2024-04-05,20718.5,0.014384544203831002,1.058105408256325,bear,bear,0.9104388952255241,0.058016594499349004,0.031544510275125004,0.9104388952255241,22595.5,-0.023000154898099257,0,-1,-0.0007407489303364878,-0.0,-0.8788943849503992,0.00029835340974714025,"(0.898, 0.988]"
2024-04-08,20818.3,0.021078007018645,1.056406102536002,bear,bear,0.939765274524688,0.037823658436536005,0.022411063313484,0.939765274524688,22748.5,-0.02672264105325628,0,-1,0.006771259764112303,-0.006771259764112303,-0.9173542112112041,-0.005951222185718867,"(0.898, 0.988]"
2024-04-09,20793.5,0.020104299023239,1.065578497496492,bear,bear,0.935526192188262,0.041227031499147006,0.023246802389621003,0.935526192188262,22735.35,-0.0234986485802946,0,-1,-0.0005780600918742218,0.0005780600918742218,-0.9122793897986411,0.000530285859613953,"(0.898, 0.988]"
2024-04-10,20901.9,0.023173507599677002,1.066152771657165,bear,bear,0.8543533086776731,0.09308014810085201,0.05256652832031201,0.8543533086776731,22812.4,-0.02208009678946543,0,-1,0.0033889955509813774,-0.0033889955509813774,-0.8017867803573611,-0.0030917107932796005,"(0.808, 0.898]"
2024-04-12,20751.6,0.023453779212420003,1.080692854436661,sideways,sideways,0.451547533273696,0.34744119644165,0.20101127028465202,0.451547533273696,22601.45,-0.013910611929765615,1,0,-0.009247163823183913,0.009247163823183913,-0.25053626298904397,0.007414253709227695,"(0.344, 0.574]"
2024-04-15,20487.65,0.016015611439793,1.070752572212188,bear,sideways,0.690923452377319,0.19070744514465302,0.11836910992860701,0.690923452377319,22357.3,0.004251407817580821,1,-1,-0.010802404270522481,-0.0,-0.572554342448712,0.002706393997233592,"(0.574, 0.716]"
2024-04-16,20445.75,0.041505887387008,1.094043991546489,sideways,sideways,0.320958882570266,0.625610470771789,0.053430691361427,0.625610470771789,22200.75,0.013375674245239555,1,0,-0.007002187205073951,0.007002187205073951,-0.267528191208839,0.0040091326909039,"(0.574, 0.716]"
2024-04-18,20376.5,0.022562465812544,0.832640262033779,bear,bull,0.6938232183456421,0.15594147145748102,0.150235295295715,0.6938232183456421,22055.2,0.022158039827342435,2,-1,-0.006556084816954355,-0.0,-0.5435879230499271,0.0017539375124915307,"(0.574, 0.716]"
2024-04-19,20385.95,0.029463451584395003,0.770389916872328,bear,bull,0.5918393731117241,0.20749549567699402,0.20066516101360302,0.5918393731117241,22128.7,0.02156475527256463,2,-1,0.0033325474264571664,-0.0033325474264571664,-0.3911742120981211,-0.0018115325340132308,"(0.574, 0.716]"
2024-04-22,20598.8,0.03802360885395,0.74971165718923,sideways,sideways,0.348606467247009,0.5036381483078001,0.14775538444519,0.5036381483078001,22358.2,0.013406714315105761,1,0,0.010371146972031786,-0.010371146972031786,-0.200851082801819,-0.004056925245338348,"(0.344, 0.574]"
2024-04-23,20650.75,0.053413522481782,0.776640230334193,sideways,bull,0.28350165486335704,0.44014707207679704,0.27635124325752203,0.44014707207679704,22371.05,0.028235152127414676,2,0,0.0005747332075032308,0.0,-0.0071504116058350164,-0.00011543578704918641,"(0.344, 0.574]"
2024-04-24,20737.15,0.055798525548337,0.708466741260059,sideways,bull,0.28286921977996804,0.42720615863800004,0.28992462158203103,0.42720615863800004,22414.7,0.026986754228251808,2,0,0.0019511824433811054,0.0,0.007055401802062988,-1.395175758825378e-05,"(0.344, 0.574]"
2024-04-25,20861.75,0.048468765941193,0.710403868073176,sideways,sideways,0.200273394584655,0.649471402168273,0.150255218148231,0.649471402168273,22570.35,0.018216376795220368,1,0,0.006944103646267852,0.0,-0.050018176436424006,4.899344137959037e-05,"(0.574, 0.716]"
2024-04-26,20858.0,0.043721931020678007,0.66258066038172,sideways,sideways,0.45669066905975303,0.501822054386138,0.041487313807010005,0.501822054386138,22556.0,0.01690237630785596,1,0,-0.0006357898747693103,-0.0,-0.41520335525274304,3.180105013270328e-05,"(0.344, 0.574]"
2024-04-29,20987.5,0.048840091553307007,0.662912532056788,bear,sideways,0.500873506069183,0.46487841010093606,0.034248102456331,0.500873506069183,22750.55,-0.000296696123829987,1,-1,0.00862519950345808,0.0,-0.466625403612852,-0.0035812117735600883,"(0.344, 0.574]"
2024-04-30,20987.95,0.04415064301883,0.7099131611140691,sideways,sideways,0.31253376603126504,0.571047723293304,0.11641851812601,0.571047723293304,22718.3,-0.010108590871676038,1,0,-0.0014175481471876417,0.0014175481471876417,-0.19611524790525503,0.0006614639763220838,"(0.344, 0.574]"
2024-05-02,21089.05,0.040679111953298,0.7218345130544811,sideways,sideways,0.451276689767837,0.35010501742362904,0.19861830770969302,0.451276689767837,22773.95,-0.0032163941696543574,1,0,0.002449567089086946,0.0,-0.252658382058144,-0.00048039745693684034,"(0.344, 0.574]"
2024-05-03,20948.35,0.022045227233917,0.704511997731129,sideways,bull,0.46809172630310003,0.24652440845966303,0.28538390994071905,0.46809172630310003,22575.2,0.03688560898685278,2,0,-0.008727076330632189,-0.0,-0.18270781636238098,0.002204968985795453,"(0.344, 0.574]"
2024-05-06,20871.65,0.014430308995249,0.700296940723357,sideways,bear,0.40850180387496904,0.45686271786689703,0.13463544845581002,0.45686271786689703,22550.15,-0.02846987714050686,0,0,-0.0011096247209326782,-0.0,-0.27386635541915905,0.000202737109743326,"(0.344, 0.574]"
2024-05-07,20635.45,0.0011109736543990002,0.71198728720211,sideways,sideways,0.481356263160705,0.406840831041336,0.11180295050144101,0.481356263160705,22381.8,0.011665728404328668,1,0,-0.007465582268854187,-0.0,-0.369553312659264,0.002044571807052993,"(0.344, 0.574]"
2024-05-08,20713.55,0.0013293983143220001,0.7854036722673661,sideways,bull,0.284007787704467,0.46674853563308705,0.249243706464767,0.46674853563308705,22393.85,0.02257986009551738,2,0,0.000538383865462011,0.0,-0.034764081239699984,-0.00019896154096378567,"(0.344, 0.574]"
2024-05-09,20354.35,-0.017576079349373,0.7855838312432311,sideways,bull,0.399226456880569,0.324561059474945,0.27621248364448503,0.399226456880569,22075.8,0.056593645530399916,2,0,-0.014202560077878457,-0.0,-0.12301397323608398,0.0004937389523590864,"(0.344, 0.574]"
2024-05-10,20474.3,-0.016523923663315003,0.8934594368040951,bear,bull,0.517679572105407,0.134608581662178,0.34771180152893005,0.517679572105407,22140.6,0.04997832037072181,2,-1,0.002935340961595978,0.0,-0.169967770576477,-0.00036108795448854864,"(0.344, 0.574]"
2024-05-13,20522.35,-0.013040132733787001,0.8973214618238651,sideways,bull,0.476296871900558,0.10166316479444501,0.422039955854415,0.476296871900558,22201.1,0.04993896698812228,2,0,0.00273253660695727,-0.00273253660695727,-0.05425691604614302,-0.0004644431551031381,"(0.344, 0.574]"
2024-05-14,20690.6,-0.010109128835177,0.911345654336537,bull,bull,0.3542101085186,0.10173673927783901,0.544053137302398,0.544053137302398,22308.7,0.04690546737371504,2,1,0.004846606699668188,0.0,0.189843028783798,-0.0002629619328125712,"(0.344, 0.574]"
2024-05-15,20745.25,-0.00030600050116600004,0.9246959995389951,sideways,bull,0.32045182585716203,0.20502550899982402,0.47452268004417403,0.47452268004417403,22287.05,0.04990341925019237,2,0,-0.0009704734027532469,-0.0009704734027532469,0.154070854187012,-0.00018423761013279503,"(0.344, 0.574]"
2024-05-16,20928.3,0.021508079257503,0.910750949903199,sideways,bull,0.33166942000389105,0.204440653324127,0.46388989686965904,0.46388989686965904,22452.35,0.045175672034330594,2,0,0.007416863155958353,0.0,0.132220476865768,0.001142722441826681,"(0.344, 0.574]"
2024-05-17,21060.5,0.030067373415012002,0.855808912071032,sideways,bull,0.297656089067459,0.245363116264343,0.456980794668197,0.456980794668197,22497.7,0.04757819688234788,2,0,0.0020198331132377234,0.0,0.15932470560073803,0.0002670632974215605,"(0.344, 0.574]"
2024-05-18,21144.45,0.037688022967634,0.888812173054316,sideways,bull,0.28491961956024103,0.225185438990592,0.48989498615264804,0.48989498615264804,22543.9,0.042570273998731256,2,0,0.0020535432510879748,0.0,0.204975366592407,0.00032718017391797404,"(0.344, 0.574]"
2024-05-21,21173.8,0.03864671501696,0.8808647587259331,sideways,bull,0.21564629673957803,0.303080648183822,0.48127308487892106,0.48127308487892106,22605.9,0.0432011112143289,2,0,0.0027501896300108353,0.0,0.26562678813934304,0.0005637211276101072,"(0.344, 0.574]"
2024-05-22,21253.0,0.031759131599899,0.886375416747828,bull,bull,0.232791990041732,0.23790635168552401,0.529301643371582,0.529301643371582,22657.95,0.036603046612778245,2,1,0.0023024962509787805,0.0,0.29650965332985,0.0006116046838503721,"(0.344, 0.574]"
2024-05-23,21479.65,0.040138978003220006,0.851704111305249,bull,bull,0.11618302017450301,0.24045993387699102,0.643357038497924,0.643357038497924,23002.7,0.023497241628156695,2,1,0.015215410043715405,0.015215410043715405,0.527174018323421,0.0045115159573335725,"(0.574, 0.716]"
2024-05-24,21476.6,0.03565822690196,0.88202715282703,bull,bull,0.14836747944355,0.18628929555416102,0.665343225002288,0.665343225002288,23019.6,0.030914959425880628,2,1,0.0007346963617314017,0.0007346963617314017,0.516975745558738,0.0003873128332615407,"(0.574, 0.716]"
2024-05-27,21494.8,0.030345009407168003,0.8822517610966281,bull,bull,0.19661998748779203,0.161578461527824,0.6418015360832211,0.6418015360832211,22981.5,0.03857232991754245,2,1,-0.0016551112964603432,-0.0016551112964603432,0.4451815485954291,-0.0008556523964702754,"(0.574, 0.716]"
2024-05-28,21367.45,0.024424681177485003,0.8731063068480931,sideways,bull,0.267602741718292,0.239440649747848,0.49295666813850403,0.49295666813850403,22937.25,0.04827300570033466,2,0,-0.0019254617844788324,-0.0019254617844788324,0.22535392642021201,-0.0008571800589756049,"(0.344, 0.574]"
2024-05-29,21253.95,0.012695652173912001,0.9022743699883201,sideways,bull,0.37673965096473605,0.22485086321830702,0.398409515619277,0.398409515619277,22743.8,0.06104740632611971,2,0,-0.008433879388331289,-0.0,0.02166986465454096,-0.001900607835114952,"(0.344, 0.574]"
2024-05-30,21089.9,0.004857549212762001,0.910290233457349,bear,bull,0.571377396583557,0.12236921489238702,0.306253403425216,0.571377396583557,22488.65,0.07637630538071427,2,-1,-0.011218441949014557,-0.0,-0.265123993158341,-0.00024310211866997015,"(0.344, 0.574]"
2024-05-31,21124.4,0.00167622533969,0.931830963376517,sideways,bull,0.46774896979331904,0.21037779748439703,0.32187324762344305,0.46774896979331904,22700.7,0.06618518371680171,2,0,0.009429200952480343,-0.009429200952480343,-0.145875722169876,-0.0024999074088140213,"(0.344, 0.574]"
2024-06-03,21829.5,0.042062978707153004,0.9239157745844281,bull,bull,0.29267090559005704,0.144361108541488,0.562967956066131,0.562967956066131,23407.9,0.04026418431384271,2,1,0.03115322434990997,0.0,0.270297050476074,-0.004544499099963282,"(0.344, 0.574]"
2024-06-04,20445.9,-0.020398483109864002,1.141321222513271,sideways,bull,0.357283920049667,0.22481493651866902,0.41790118813514704,0.41790118813514704,21908.15,0.11188986746941199,2,0,-0.0640702497874649,-0.0640702497874649,0.060617268085480014,-0.01731799954081707,"(0.344, 0.574]"
2024-06-05,21019.0,0.018586946250263,1.465923465723939,bull,bull,0.040583554655313006,0.047228585928678006,0.9121878147125241,0.9121878147125241,22642.9,0.07669070657910426,2,1,0.033537747367988535,0.0,0.871604260057211,0.002032966623188463,"(0.898, 0.988]"
2024-06-06,21389.05,0.032611503098213,1.481710512823916,bull,bull,0.026225356385111,0.023600468412041,0.9501741528511041,0.9501741528511041,22899.5,0.06445992270573586,2,1,0.011332470664093375,0.011332470664093375,0.923948796465993,0.009877429707797156,"(0.898, 0.988]"
2024-06-07,21748.55,0.06849641477128901,1.493996243863951,bull,bull,0.019567307084798,0.06759899854660001,0.9128337502479551,0.9128337502479551,23325.15,0.04975316343088898,2,1,0.018587742090438786,0.018587742090438786,0.8932664431631571,0.0171741219334812,"(0.898, 0.988]"
2024-06-10,21782.25,0.06388252589832101,1.45487113141421,bull,bull,0.017243299633264,0.045319341123104005,0.9374374151229851,0.9374374151229851,23247.15,0.047657454784779896,2,1,-0.003344029941929616,-0.003344029941929616,0.9201941154897211,-0.002987109732058567,"(0.898, 0.988]"
2024-06-11,21854.1,0.06489266580094301,1.455014248760408,bull,bull,0.017274051904678,0.054776489734649006,0.927949428558349,0.927949428558349,23309.8,0.04602570592626276,2,1,0.002694954005114436,0.002694954005114436,0.910675376653671,0.0024798808170217596,"(0.898, 0.988]"
2024-06-12,21953.35,0.061030129624080005,1.454748526727853,bull,bull,0.01249015610665,0.039223007857799,0.9482868313789361,0.9482868313789361,23355.1,0.04994626441334016,2,1,0.0019433886176629667,0.0019433886176629667,0.935796675272286,0.0017697961613746794,"(0.898, 0.988]"
2024-06-13,22079.35,0.064308697171641,1.451393384649372,bull,bull,0.015015013515949001,0.040962859988212,0.9440221190452571,0.9440221190452571,23399.25,0.05224312745066628,2,1,0.0018903794032139043,0.0018903794032139043,0.9290071055293081,0.00176901076053078,"(0.898, 0.988]"
2024-06-14,22200.45,0.06078611258439501,1.456524190627094,bull,bull,0.018861565738916,0.047985706478357,0.9331527352333061,0.9331527352333061,23466.65,0.05019037655566505,2,1,0.0028804342019510543,0.0028804342019510543,0.9142911694943902,0.0026759438406221713,"(0.898, 0.988]"
2024-06-18,22330.85,0.06031908074357201,1.456119164818252,bull,bull,0.042048066854476006,0.061643131077289005,0.896308839321136,0.896308839321136,23568.1,0.05265379899100897,2,1,0.004323156479514312,0.004323156479514312,0.85426077246666,0.003952623793562391,"(0.808, 0.898]"
2024-06-19,22227.75,0.051233302355937003,1.51992531477158,bull,bull,0.023125557228922,0.048093341290950005,0.9287810921669001,0.9287810921669001,23503.6,0.04363161388042691,2,1,-0.0027367500986502646,-0.0027367500986502646,0.9056555349379781,-0.002337898253321183,"(0.898, 0.988]"
2024-06-20,22313.95,0.053847207397822006,1.53723558962241,bull,bull,0.014498415403068001,0.06603394448757101,0.9194676876068111,0.9194676876068111,23582.5,0.03929184776847228,2,1,0.0033569325550129037,0.0033569325550129037,0.9049692722037431,0.003040224548860925,"(0.898, 0.988]"
2024-06-21,22203.85,0.04473956617889201,1.542825117112661,bull,bull,0.017534421756863,0.07229451090097401,0.9101710915565491,0.9101710915565491,23487.3,0.04154585669702349,2,1,-0.004036891762959849,-0.004036891762959849,0.892636669799686,-0.00365326300069106,"(0.898, 0.988]"
2024-06-24,22299.15,0.038152390751245005,1.544620556366259,bull,bull,0.018137749284505,0.07127182185649801,0.910590469837188,0.910590469837188,23543.2,0.035914828910258656,2,1,0.002380009622221513,0.002380009622221513,0.8924527205526831,0.00212448386327102,"(0.898, 0.988]"
2024-06-25,22370.25,0.041610403881433,1.554478076673057,bull,bull,0.035373963415622,0.12065891176462101,0.8439671397209161,0.8439671397209161,23731.25,0.02843718725309441,2,1,0.007987444357606455,0.007987444357606455,0.808593176305294,0.007128416447209058,"(0.808, 0.898]"
2024-06-26,22420.1,0.043047620819919,1.553990955671896,bull,bull,0.08849660307168901,0.166134163737297,0.745369255542755,0.745369255542755,23867.95,0.043887304942401784,2,1,0.0057603371082433075,0.0057603371082433075,0.656872652471066,0.004657769278943708,"(0.716, 0.808]"
2024-06-27,22541.85,0.05496210357342501,1.565091105522298,bull,bull,0.11350022256374301,0.161336421966552,0.725163340568542,0.725163340568542,24044.5,0.036014473164341254,2,1,0.007396948627762301,0.007396948627762301,0.611663118004799,0.004858853265310434,"(0.716, 0.808]"
2024-06-28,22558.95,0.06140035146408,1.5574171290615721,bull,bull,0.090740859508514,0.134574696421623,0.7746844887733461,0.7746844887733461,24132.25,0.033020128665996795,2,1,0.003649483249807739,0.003649483249807739,0.6839436292648321,0.0022322543036836884,"(0.716, 0.808]"
2024-07-01,22719.8,0.077283438992123,1.550058664032953,bull,bull,0.086634427309036,0.159437716007232,0.753927886486053,0.753927886486053,24206.25,0.0333343661244514,2,1,0.0030664359933283425,0.0030664359933283425,0.667293459177017,0.002097269362185297,"(0.716, 0.808]"
2024-07-02,22675.0,0.073403268258506,1.5354917827428989,bull,bull,0.08694677799940101,0.22724580764770502,0.685807406902313,0.685807406902313,24203.15,0.03425587165306987,2,1,-0.0001280660986314741,-0.0001280660986314741,0.598860628902912,-8.54576699591014e-05,"(0.574, 0.716]"
2024-07-03,22856.95,0.047067042305137,1.540899733287113,sideways,sideways,0.142392754554748,0.577871739864349,0.27973547577857905,0.577871739864349,24350.4,0.014357053682896304,1,0,0.006083918828747592,0.006083918828747592,0.13734272122383104,0.003643419455978051,"(0.574, 0.716]"
2024-07-04,22918.3,0.120923999432648,1.435820357950167,sideways,sideways,0.047989912331104,0.8331749439239501,0.11883508414030002,0.8331749439239501,24359.45,-0.010529794391909486,1,0,0.000371657139102366,0.0,0.07084517180919601,5.104440284658284e-05,"(0.808, 0.898]"
2024-07-05,22980.5,0.09332032922593801,0.6419545722032091,sideways,sideways,0.194719240069389,0.7084915041923521,0.096789240837097,0.7084915041923521,24379.4,-0.013228381338343032,1,0,0.0008189840082597488,0.0,-0.09792999923229201,5.802106277414591e-05,"(0.574, 0.716]"
2024-07-08,22985.15,0.074622295052842,0.467201396772692,sideways,sideways,0.026482492685317,0.9346845746040341,0.038832925260066,0.9346845746040341,24375.6,-0.000375375375375242,1,0,-0.00015586929949062966,-0.0,0.012350432574749,1.5264280379455257e-05,"(0.898, 0.988]"
2024-07-09,23056.95,0.06016033252791501,0.39274732735516604,sideways,sideways,0.039132874459028,0.917463183403015,0.043403986841440007,0.917463183403015,24485.65,-0.01425733031387777,1,0,0.00451476066230172,0.0,0.004271112382412005,5.5759247150886534e-05,"(0.898, 0.988]"
2024-07-10,22973.15,0.05467295619139401,0.29306918014207,sideways,sideways,0.021928586065769,0.9421057105064391,0.035965673625469,0.9421057105064391,24355.05,0.001907201997121799,1,0,-0.005333736290439539,-0.0,0.014037087559699998,-2.278098711461659e-05,"(0.898, 0.988]"
2024-07-11,23019.05,0.05330578701479301,0.315732284862456,sideways,sideways,0.01604744978249,0.9591879844665521,0.02476454898715,0.9591879844665521,24382.65,-0.001060180087070206,1,0,0.0011332352017343617,0.0,0.00871709920466,1.5907321752479527e-05,"(0.898, 0.988]"
2024-07-12,23097.25,0.052105942828771006,0.315683408224578,sideways,sideways,0.014629458077251,0.9634898304939271,0.021880712360143002,0.9634898304939271,24521.6,-0.01470540258384434,1,0,0.005698724297809932,0.0,0.007251254282892002,4.967634504401557e-05,"(0.898, 0.988]"
2024-07-15,23211.7,0.051285477153992,0.313861560392578,sideways,sideways,0.014223315753042,0.9628438949584961,0.022932812571525,0.9628438949584961,24621.7,-0.0181567479093645,1,0,0.004082115359519856,0.0,0.008709496818483,2.9600456483977576e-05,"(0.898, 0.988]"
2024-07-16,23198.8,0.044969809170534,0.312499214790369,sideways,sideways,0.018095344305038,0.9564625620841981,0.025442065671086003,0.9564625620841981,24644.45,-0.0023920192984627775,1,0,0.0009239816909474285,0.0,0.0073467213660480014,8.047415597643172e-06,"(0.898, 0.988]"
2024-07-18,23199.45,0.038896862412313,0.315003916978267,sideways,sideways,0.022092780098319,0.9465001225471491,0.031407088041305,0.9465001225471491,24809.05,-0.008597668995789842,1,0,0.006678988575520961,0.0,0.009314307942986,4.906866807137035e-05,"(0.898, 0.988]"
2024-07-19,22840.5,0.027566892735432003,0.3082631371865,sideways,sideways,0.029667720198631002,0.9285453557968141,0.04178687185049,0.9285453557968141,24529.1,0.0074258737581078815,1,0,-0.011284188632777137,-0.0,0.012119151651858999,-0.0001051044078124284,"(0.898, 0.988]"
2024-07-22,22948.5,0.028437367655659,0.42882696874528503,sideways,sideways,0.021875105798244,0.9514794349670411,0.026645496487617003,0.9514794349670411,24509.1,0.011793578711580821,1,0,-0.0008153580848869746,-0.0,0.0047703906893730025,-9.881448281314568e-06,"(0.898, 0.988]"
2024-07-23,22864.85,0.029769612026743,0.43082359619376503,sideways,sideways,0.013875304721295001,0.923568964004516,0.062555707991123,0.923568964004516,24463.1,0.015425273166524311,1,0,-0.0018768539032441023,-0.0,0.048680403269828004,-8.953326385349044e-06,"(0.898, 0.988]"
2024-07-24,22941.05,0.028785850581748002,0.425730271012903,sideways,sideways,0.014205002225935001,0.9213114380836481,0.064483493566513,0.9213114380836481,24388.75,0.019076418430628905,1,0,-0.003039271392423659,-0.0,0.050278491340578005,-0.0001479529570296354,"(0.898, 0.988]"
2024-07-25,22932.1,0.025115946402029,0.42366986226222103,sideways,bull,0.013745486736297,0.6874447464942931,0.298809766769409,0.6874447464942931,24406.1,0.026108227041600207,2,0,0.0007113935728562115,0.0,0.285064280033112,3.576779559259388e-05,"(0.574, 0.716]"
2024-07-26,23301.8,0.039326318794296,0.42334326757558904,sideways,sideways,0.027552511543035,0.921424508094787,0.051022987812757006,0.921424508094787,24915.45,0.004103879319859782,1,0,0.02086978255436156,0.0,0.023470476269722006,0.00594922953830668,"(0.898, 0.988]"
2024-07-29,23401.7,0.038144606587303,0.5014122643990411,sideways,sideways,0.027513604611158003,0.946332871913909,0.026153536513447,0.946332871913909,24910.45,0.005535829340698184,1,0,-0.00020067869534767802,-0.0,-0.0013600680977110015,-4.710024556996449e-06,"(0.898, 0.988]"
2024-07-30,23432.1,0.038705258888378,0.49887658875969804,sideways,sideways,0.040215224027633,0.921088695526123,0.038696095347404,0.921088695526123,24929.1,0.009113846869722497,1,0,0.0007486817781292565,0.0,-0.0015191286802289997,-1.018258201771148e-06,"(0.898, 0.988]"
2024-07-31,23550.1,0.036545216067042,0.49912754538139903,sideways,sideways,0.06594668328762,0.903560936450958,0.030492387712001003,0.903560936450958,25013.15,0.014542350723519393,1,0,0.0033715617491205663,0.0,-0.035454295575619,-5.121836150252103e-06,"(0.898, 0.988]"
2024-08-01,23508.25,0.036747519294377,0.49239315308552106,sideways,sideways,0.06270302087068501,0.905158877372741,0.032138086855411,0.905158877372741,25032.25,0.0123121173685945,1,0,0.0007635983472693564,0.0,-0.030564934015274006,-2.7072841505141923e-05,"(0.898, 0.988]"
2024-08-02,23244.35,0.016948893006284,0.49175456510017,sideways,bull,0.061969440430402006,0.8859362602233881,0.05209432169795,0.8859362602233881,24700.0,0.026499999999999968,2,0,-0.013272877987396292,-0.0,-0.009875118732452004,0.00040568463987755054,"(0.808, 0.898]"
2024-08-05,22531.65,-0.016870797572245,0.527584938097816,bull,bull,0.07129573076963401,0.259794682264328,0.6689096093177791,0.6689096093177791,24102.95,0.04749833526601499,2,1,-0.024172064777327917,-0.0,0.5976138785481451,0.0002387020096846342,"(0.574, 0.716]"
2024-08-06,22472.95,-0.022086116490067,0.7381880476136681,bull,bull,0.221325799822807,0.187513142824172,0.591161012649536,0.591161012649536,24056.9,0.049044141181947776,2,1,-0.001910554517185581,-0.001910554517185581,0.36983521282672904,-0.0011417738951929536,"(0.574, 0.716]"
2024-08-07,22865.9,-0.005188132337617,0.7417192641094671,sideways,bull,0.322358101606369,0.34988695383071905,0.32775497436523404,0.34988695383071905,24366.45,0.022143151751691237,2,0,0.012867410181694128,0.012867410181694128,0.005396872758865023,0.004758821383075668,"(0.344, 0.574]"
2024-08-08,22695.35,-0.015682906889246,0.798916319749653,bull,bull,0.18081609904766002,0.11240781843662201,0.7067760825157161,0.7067760825157161,24136.55,0.035152082629870574,2,1,-0.009435104416113171,-0.0,0.5259599834680561,-5.0920058000368255e-05,"(0.574, 0.716]"
2024-08-09,22918.75,-0.0023679817526110003,0.8180355293549411,bull,bull,0.19779205322265603,0.06547345966100601,0.7367345094680781,0.7367345094680781,24401.5,0.02792861094604837,2,1,0.010977128048540452,0.010977128048540452,0.538942456245422,0.005773530086937071,"(0.716, 0.808]"
2024-08-12,22913.1,-0.004602709494961,0.834241121414469,bull,bull,0.21240867674350702,0.065972663462162,0.72161865234375,0.72161865234375,24356.8,0.02388039479734627,2,1,-0.0018318545991025115,-0.0018318545991025115,0.509209975600243,-0.0009872642171247805,"(0.716, 0.808]"
2024-08-13,22703.25,-0.017058307807206,0.8332005837713311,bull,bull,0.21409676969051303,0.06258545815944601,0.7233178019523621,0.7233178019523621,24161.0,0.04947229005421949,2,1,-0.008038822833869808,-0.008038822833869808,0.509221032261849,-0.004093448779089521,"(0.716, 0.808]"
2024-08-14,22675.15,-0.023115497787753,0.841417996670427,bull,bull,0.257764011621475,0.050350181758403,0.691885828971862,0.691885828971862,24174.65,0.049553974928282285,2,1,0.0005649600596002724,0.0005649600596002724,0.434121817350387,0.00028768954473636646,"(0.574, 0.716]"
2024-08-16,23052.1,-0.006323602944979001,0.83461264022624,bull,bull,0.2347222417593,0.041014522314071,0.7242632508277891,0.7242632508277891,24585.5,0.03486811331882622,2,1,0.016995075419912853,0.016995075419912853,0.4895410090684891,0.007377933027299459,"(0.716, 0.808]"
2024-08-19,23149.65,-0.002146602613424,0.881593746723439,bull,bull,0.250839173793792,0.189818561077117,0.559342265129089,0.559342265129089,24595.75,0.03472347864976677,2,1,0.0004169124077200159,0.0004169124077200159,0.308503091335297,0.00020409572076842992,"(0.344, 0.574]"
2024-08-20,23261.05,0.018412469079048,0.8856818365941501,bull,bull,0.23431015014648401,0.20181640982627802,0.563873410224914,0.563873410224914,24711.25,0.027714097829935724,2,1,0.004695933240498773,0.004695933240498773,0.32956326007842995,0.0014487099213980504,"(0.344, 0.574]"
2024-08-21,23375.85,0.018622132165500002,0.8430869541091911,bull,bull,0.13613611459732,0.056647520512342,0.80721640586853,0.80721640586853,24798.15,0.027862965584126043,2,1,0.0035166169254894353,0.0035166169254894353,0.67108029127121,0.0011589477384112835,"(0.716, 0.808]"
2024-08-22,23437.25,0.025034058828288002,0.8429062142199231,bull,bull,0.14918804168701102,0.068891048431396,0.781920909881591,0.781920909881591,24840.45,0.037330241601903236,2,1,0.001705772406409345,0.001705772406409345,0.63273286819458,0.001144710243335576,"(0.716, 0.808]"
2024-08-23,23424.55,0.021075757212507002,0.8393459948259381,bull,bull,0.131506949663162,0.06387398391962,0.8046190142631531,0.8046190142631531,24854.0,0.04280397521525714,2,1,0.0005454812614102966,0.0005454812614102966,0.6731120645999911,0.0003451439230785344,"(0.716, 0.808]"
2024-08-26,23561.4,0.027441882775672003,0.8424464203364541,bull,bull,0.138447552919387,0.11600300669670101,0.745549440383911,0.745549440383911,25043.3,0.035993658982642174,2,1,0.007616480244628576,0.007616480244628576,0.607101887464524,0.005126744742446986,"(0.716, 0.808]"
2024-08-27,23590.75,0.012400329588272,0.84529052309007,bull,bull,0.20102421939373002,0.14271555840969002,0.656260251998901,0.656260251998901,25017.7,0.039192251885664886,2,1,-0.0010222294985084979,-0.0010222294985084979,0.455236032605171,-0.0006205974579664229,"(0.574, 0.716]"
2024-08-28,23602.1,0.008563480430908,0.8015642978253661,bull,bull,0.137358918786048,0.114843487739562,0.7477976083755491,0.7477976083755491,25048.35,0.046617841095321744,2,1,0.0012251326061147871,0.0012251326061147871,0.6104386895895011,0.0005577245070229293,"(0.716, 0.808]"
2024-08-29,23646.5,0.009149841456804001,0.8011448959714681,bull,bull,0.20880146324634502,0.22299297153949701,0.568205535411834,0.568205535411834,25156.3,0.0472585396103562,2,1,0.004309665107681715,0.004309665107681715,0.35940407216548903,0.002630786320902822,"(0.344, 0.574]"
2024-08-30,23741.5,0.008127354023974001,0.8034968923769,sideways,bull,0.22913515567779502,0.277253359556198,0.493611454963684,0.493611454963684,25376.9,0.02416567823493021,2,0,0.00876917511716746,0.00876917511716746,0.264476299285889,0.0031516772466422646,"(0.344, 0.574]"
2024-09-02,23758.05,0.010626056809843,0.805588236277457,sideways,bull,0.24507449567317902,0.285054415464401,0.46987104415893505,0.46987104415893505,25340.45,0.02481408183359024,2,0,-0.0014363456529363772,-0.0,0.22479654848575603,-0.0003798793827839869,"(0.344, 0.574]"
2024-09-03,23776.6,0.022898037587628,0.804505334189723,bull,sideways,0.20662686228752103,0.234412133693695,0.5589609742164611,0.5589609742164611,25354.55,0.004778235070233894,1,1,0.0005564226365355474,0.0,0.35233411192894004,0.00012508188819253537,"(0.344, 0.574]"
2024-09-04,23757.15,0.054390157844631006,0.8202356621119741,sideways,sideways,0.159904971718788,0.41035315394401506,0.42974188923835704,0.42974188923835704,25247.8,-0.0029289680685049557,1,0,-0.004210289671873535,-0.004210289671873535,0.26983691751956906,-0.0014834286725031503,"(0.344, 0.574]"
2024-09-05,23757.85,0.05717540420817,0.7768617133744931,sideways,sideways,0.087873883545398,0.738152623176574,0.173973456025123,0.738152623176574,25236.75,-0.009953738100191178,1,0,-0.00043766189529381716,-0.0,0.08609957247972501,-0.00011809733674185602,"(0.716, 0.808]"
2024-09-06,23489.75,0.027282984706484003,0.8381671093222731,sideways,sideways,0.321705281734466,0.491766661405563,0.186528041958808,0.491766661405563,24906.0,0.009060065847587007,1,0,-0.013105887247763626,-0.0,-0.135177239775658,-0.0011284112889999281,"(0.344, 0.574]"
2024-09-09,23517.95,0.036245310162654004,0.813662530269724,sideways,sideways,0.205079302191734,0.713297247886657,0.081623435020446,0.713297247886657,24985.0,0.003958375025015171,1,0,0.003171926443427342,0.0,-0.12345586717128801,-0.0004287722613939279,"(0.574, 0.716]"
2024-09-10,23651.65,0.031978183801472,0.7969285466353221,sideways,sideways,0.19051736593246402,0.7120952010154721,0.097387440502643,0.7120952010154721,25083.0,0.001391380616353688,1,0,0.003922353412047164,0.0,-0.09312992542982101,-0.00048423754183654296,"(0.574, 0.716]"
2024-09-11,23557.55,0.028125831947663,0.762864449326175,sideways,sideways,0.175276771187782,0.7630093693733211,0.061713881790637005,0.7630093693733211,24938.45,0.004454968131539783,1,0,-0.005762867280628248,-0.0,-0.11356288939714501,0.0005366954001068641,"(0.716, 0.808]"
2024-09-12,23858.25,0.050873773578672,0.7764220736860511,sideways,sideways,0.061536185443401004,0.905674755573272,0.032788980752229004,0.905674755573272,25356.3,-0.005316233046619545,1,0,0.016755251429018125,0.0,-0.028747204691172,-0.0019027747648549412,"(0.898, 0.988]"
2024-09-13,23919.35,0.05487064032652401,0.760384751670454,sideways,sideways,0.05336501821875501,0.9176138043403621,0.029021218419075002,0.9176138043403621,25372.6,-0.010020652199616897,1,0,0.0006428382689902534,0.0,-0.024343799799680006,-1.84798033019815e-05,"(0.898, 0.988]"
2024-09-16,23968.55,0.039755597103951004,0.75410616976467,sideways,sideways,0.163298189640045,0.7846734523773191,0.052028391510248004,0.7846734523773191,25442.75,-0.015483782216938025,1,0,0.0027647935174164306,0.0,-0.111269798129797,-6.730557987543868e-05,"(0.716, 0.808]"
2024-09-17,23958.2,0.034927093930145,0.615387607874964,bear,bear,0.763854086399078,0.195457369089126,0.040688589215278,0.763854086399078,25449.8,-0.023811582016361577,0,-1,0.00027709268848696844,0.0,-0.7231654971838001,-3.0832047511187705e-05,"(0.716, 0.808]"
2024-09-18,23868.8,0.026127367423224003,0.6162214262265351,bear,sideways,0.5800569653511041,0.34815716743469205,0.071785897016525,0.5800569653511041,25396.1,-0.017599158925976743,1,-1,-0.0021100362281826213,0.0021100362281826213,-0.508271068334579,0.0015259053980295155,"(0.574, 0.716]"
2024-09-19,23884.4,0.02175535862867,0.628733763827648,bear,bear,0.8840525150299071,0.085309460759162,0.030637992545962004,0.8840525150299071,25489.1,-0.027474489095338783,0,-1,0.003661979595292131,-0.003661979595292131,-0.8534145224839451,-0.0018612782811185606,"(0.808, 0.898]"
2024-09-20,24219.4,0.033372089302285,0.61876413213543,bear,bear,0.9172120690345761,0.05290691554546301,0.029881050810217004,0.9172120690345761,25767.75,-0.04771274170232176,0,-1,0.010932123927482884,-0.010932123927482884,-0.8873310182243591,-0.009329633321308116,"(0.898, 0.988]"
2024-09-23,24369.95,0.040359366562004007,0.716424635782352,bear,bear,0.885746538639068,0.070563502609729,0.04368992522358801,0.885746538639068,25917.85,-0.05537496358687144,0,-1,0.005825110845921744,-0.005825110845921744,-0.84205661341548,-0.005168801538181499,"(0.808, 0.898]"
2024-09-24,24394.6,0.035362924104679005,0.724129239629217,bear,bear,0.9238201975822441,0.048401318490505,0.027778508141636002,0.9238201975822441,25944.7,-0.057533908659572086,0,-1,0.0010359655604150753,-0.0010359655604150753,-0.8960416894406081,-0.0008723416514181882,"(0.898, 0.988]"
2024-09-25,24372.9,0.033154944204826,0.7145111962031251,bear,bear,0.9130563735961911,0.052938882261514005,0.034004740417003,0.9130563735961911,25998.2,-0.06944519235947111,0,-1,0.002062078189379646,-0.002062078189379646,-0.8790516331791881,-0.001847708024570368,"(0.898, 0.988]"
2024-09-26,24478.8,0.037144999809338004,0.7179060849767981,bear,bear,0.8800865411758421,0.078348584473133,0.04156494885683,0.8800865411758421,26216.05,-0.07123880218415812,0,-1,0.00837942626797239,-0.00837942626797239,-0.838521592319012,-0.0073659483459657185,"(0.808, 0.898]"
2024-09-27,24479.9,0.035244116465438,0.722380408372281,bear,bear,0.8347280025482171,0.11453108489513301,0.050740949809551,0.8347280025482171,26345.15,-0.07088401470479389,0,-1,0.004924464211809365,-0.004924464211809365,-0.7839870527386661,-0.004129269572204377,"(0.808, 0.898]"
2024-09-30,24249.2,0.021384495503653,0.7239436170091761,bear,bear,0.8233505487442011,0.09103231132030401,0.08561713248491201,0.8233505487442011,25990.15,-0.06229667777985126,0,-1,-0.013474965980455611,0.013474965980455611,-0.7377334162592891,0.010564198864771184,"(0.808, 0.898]"
2024-10-01,24275.5,0.021779986152062003,0.779802092183276,bear,bear,0.809153854846954,0.11762046813964801,0.073225729167461,0.809153854846954,25969.25,-0.06792263927529685,0,-1,-0.0008041508032851086,0.0008041508032851086,-0.735928125679493,0.0005932489192951747,"(0.808, 0.898]"
2024-10-03,23761.9,-0.000618254922907,0.7808129396137261,bear,bear,0.7853593230247491,0.078438341617584,0.13620235025882702,0.7853593230247491,25475.7,-0.05342542108754611,0,-1,-0.019005169575555647,0.019005169575555647,-0.6491569727659221,0.013986438823959592,"(0.716, 0.808]"
2024-10-04,23555.75,-0.008477447842018001,0.9532434302220941,bear,bear,0.8106833100318901,0.08674764633178701,0.10256905108690201,0.8106833100318901,25173.85,-0.03489335163274576,0,-1,-0.011848545869200922,0.011848545869200922,-0.708114258944988,0.007691566168128642,"(0.808, 0.898]"
2024-10-07,23192.3,-0.023804763478176002,0.972051547966672,sideways,sideways,0.46142420172691306,0.32709908485412603,0.21147666871547702,0.46142420172691306,24985.55,-0.01594721749171024,1,0,-0.007479984189943112,0.007479984189943112,-0.24994753301143605,0.005296683461581794,"(0.344, 0.574]"
2024-10-08,23541.7,0.0022116029331940004,1.022313667827019,bear,bear,0.8896569013595581,0.04552704095840401,0.064816087484359,0.8896569013595581,25131.65,-0.0330718436712274,0,-1,0.0058473797855160825,0.0,-0.8248408138751991,-0.0014615381519706848,"(0.808, 0.898]"
2024-10-09,23623.65,0.0044944393537700005,1.038697012868664,bear,bear,0.8813205361366271,0.042881969362497004,0.07579752057790701,0.8813205361366271,25083.9,-0.03444639788868564,0,-1,-0.0018999946282874935,0.0018999946282874935,-0.8055230155587201,0.0015671931155551626,"(0.808, 0.898]"
2024-10-10,23605.3,-0.0019596941439600003,1.04167790401949,bear,bear,0.8617470860481261,0.07544687390327401,0.06280602514743801,0.8617470860481261,25117.9,-0.03549659804362637,0,-1,0.0013554511060880348,-0.0013554511060880348,-0.7989410609006881,-0.0010918470624184363,"(0.808, 0.898]"
2024-10-11,23611.1,0.0022731565888640002,1.033387540880273,bear,bear,0.9020720720291131,0.058235563337802006,0.039692416787147,0.9020720720291131,25049.55,-0.04351175969228993,0,-1,-0.0027211669765386803,0.0027211669765386803,-0.8623796552419661,0.002174052031123731,"(0.898, 0.988]"
2024-10-14,23735.85,-0.005130300839332001,1.028272136623925,bear,bear,0.8875741362571711,0.07608561962842901,0.036340251564979005,0.8875741362571711,25221.5,-0.06196895505818456,0,-1,0.006864394769566795,-0.006864394769566795,-0.8512338846921921,-0.005919714394823769,"(0.808, 0.898]"
2024-10-15,23738.3,-0.007569185617502001,0.9801710277311131,bear,bear,0.9036232233047481,0.055272657424211,0.041104156523942004,0.9036232233047481,25118.35,-0.0603801603210401,0,-1,-0.004089764684891861,0.004089764684891861,-0.862519066780806,0.003481346280197438,"(0.898, 0.988]"
2024-10-16,23660.55,-0.012850172413433001,0.979695993074118,bear,bear,0.9039542078971861,0.051745969802141,0.044299881905317,0.9039542078971861,25048.8,-0.06127439238606236,0,-1,-0.0027688920649644455,0.0027688920649644455,-0.8596543259918691,0.0023882221998899125,"(0.898, 0.988]"
2024-10-17,23377.05,-0.024256830646709002,0.9788753491266531,bear,bear,0.8747593760490411,0.072228893637657,0.053011745214462,0.8747593760490411,24843.8,-0.052689202134939106,0,-1,-0.008184024783622346,0.008184024783622346,-0.821747630834579,0.0070354323092656195,"(0.808, 0.898]"
2024-10-18,23441.25,-0.017912505027483,1.004292290444355,bear,bear,0.9024615287780761,0.053698673844337005,0.043839804828166004,0.9024615287780761,24949.15,-0.06414847800426071,0,-1,0.004240494610325385,-0.004240494610325385,-0.8586217239499101,-0.0034846163996016862,"(0.898, 0.988]"
2024-10-21,23227.0,-0.027524241764499004,1.034610677753608,bear,bear,0.8758239150047301,0.07467875629663401,0.049497313797473005,0.8758239150047301,24788.8,-0.03639748596140191,0,-1,-0.006427072665802336,0.006427072665802336,-0.8263266012072571,0.005518424212262546,"(0.808, 0.898]"
2024-10-22,22838.0,-0.057036920815544005,1.046985506095697,sideways,sideways,0.24190035462379403,0.703629910945892,0.054469753056764006,0.703629910945892,24538.3,-0.010791293610396768,1,0,-0.010105370167172278,0.010105370167172278,-0.18743060156703,0.008350336184180681,"(0.574, 0.716]"
2024-10-23,22836.45,-0.062925857459699,1.002663171477684,sideways,sideways,0.162592098116874,0.8115317225456231,0.025876183062791002,0.8115317225456231,24482.65,-0.010846456572307428,1,0,-0.002267883268196935,-0.0,-0.136715915054083,0.0004250707252419536,"(0.808, 0.898]"
2024-10-24,22799.05,-0.065405868511883,0.9791501530445741,sideways,sideways,0.18446911871433203,0.7936378121376031,0.021893030032515002,0.7936378121376031,24452.0,-0.006234663831179432,1,0,-0.0012519069626858448,-0.0,-0.16257608868181703,0.00017115560596617303,"(0.716, 0.808]"
2024-10-25,22523.15,-0.07589371802288601,0.9739293880891251,sideways,sideways,0.144653365015983,0.8269048333168031,0.028441809117794002,0.8269048333168031,24192.75,-0.011515846689607367,1,0,-0.010602404711271052,-0.0,-0.11621155589818899,0.001723697488580117,"(0.808, 0.898]"
2024-10-28,22669.6,-0.073908851741098,1.010850624756569,sideways,sideways,0.17848302423954002,0.7802101373672481,0.041306808590888006,0.7802101373672481,24348.45,-0.0018194176631366465,1,0,0.006435812381808681,0.0,-0.137176215648652,-0.0007479157703588164,"(0.716, 0.808]"
2024-10-29,22794.25,-0.068858532918843,1.020811726285771,sideways,sideways,0.196748122572898,0.7753363847732541,0.027915477752685002,0.7753363847732541,24477.7,-0.002009992768928437,1,0,0.005308346116488005,0.0,-0.168832644820213,-0.0007281788316130431,"(0.716, 0.808]"
2024-10-30,22754.8,-0.061626775316299,1.039151546454327,sideways,sideways,0.115555085241794,0.8566538691520691,0.027791088446974,0.8566538691520691,24371.05,0.007219631489000289,1,0,-0.004357027008256575,-0.0,-0.08776399679482,0.0007356083933570577,"(0.808, 0.898]"
2024-10-31,22709.2,-0.064521843010442,1.030525191250035,sideways,sideways,0.15779758989810902,0.8092820048332211,0.032920353114604,0.8092820048332211,24205.35,0.014721951965164903,1,0,-0.0067990505128010525,-0.0,-0.12487723678350501,0.0005967118474132909,"(0.808, 0.898]"
2024-11-04,22508.65,-0.052741994537473004,1.025245871216891,sideways,bull,0.263469249010086,0.461242139339447,0.27528861165046603,0.461242139339447,24114.65,0.02694212854011968,2,0,-0.0037471054952725735,-0.0,0.011819362640380027,0.00046792818018592596,"(0.344, 0.574]"
2024-11-05,22661.55,-0.037961007397344,0.9274374717160461,sideways,bull,0.132973939180374,0.832655012607574,0.034370999783277005,0.832655012607574,24295.45,0.0200778335038041,2,0,0.007497517069499304,0.0,-0.098602939397097,8.861587314685162e-05,"(0.808, 0.898]"
2024-11-06,23044.3,-0.006381428318881,1.050794462586507,sideways,sideways,0.214302629232406,0.75158280134201,0.034114602953195,0.75158280134201,24587.1,0.004372211444212626,1,0,0.01200430533289154,0.0,-0.180188026279211,-0.0011836597912433528,"(0.716, 0.808]"
2024-11-07,22797.1,-0.031628981764273,1.056679224399183,sideways,sideways,0.12828998267650601,0.848434805870056,0.023275269195437,0.848434805870056,24300.5,0.015723956297195363,1,0,-0.011656519068942606,-0.0,-0.10501471348106901,0.0021003651643187542,"(0.808, 0.898]"
2024-11-08,22605.6,-0.043094526036408,1.0208534504055,sideways,bull,0.116098500788211,0.8469493985176081,0.036952096968889,0.8469493985176081,24219.85,0.02126561477465816,2,0,-0.003318861751815838,-0.0,-0.079146403819322,0.00034852931595021904,"(0.808, 0.898]"
2024-11-11,22574.85,-0.043653332090674006,1.025212421779854,sideways,sideways,0.14445786178112002,0.8067184090614311,0.048823699355125004,0.8067184090614311,24226.3,0.017429405233155615,1,0,0.0002663104849947029,0.0,-0.09563416242599501,-2.107751718671025e-05,"(0.716, 0.808]"
2024-11-12,22287.55,-0.056056261673534,1.038643764644581,sideways,bull,0.187670469284057,0.5528993606567381,0.25943017005920405,0.5528993606567381,23959.6,0.03635912118733198,2,0,-0.011008697159698322,-0.0,0.07175970077514704,0.0010528075322691793,"(0.344, 0.574]"
2024-11-13,21964.15,-0.07464236587271901,1.0555869515712,bull,bull,0.08785646408796301,0.33611670136451705,0.576026797294616,0.576026797294616,23658.55,0.04564734525150538,2,1,-0.012564900916542832,-0.0,0.48817033320665304,-0.0009016535300404844,"(0.574, 0.716]"
2024-11-14,21983.05,-0.07394168916898,1.059791613619625,bull,bull,0.10362322628498001,0.364794135093688,0.531582653522491,0.531582653522491,23601.7,0.03457166221077301,2,1,-0.002402936781839893,-0.002402936781839893,0.427959427237511,-0.001173042449465303,"(0.344, 0.574]"
2024-11-18,21901.1,-0.07436217670341501,1.061910423226873,bull,bull,0.08990000933408701,0.37597441673278803,0.5341255664825441,0.5341255664825441,23513.95,0.03161527518770768,2,1,-0.0037179525203693276,-0.0037179525203693276,0.444225557148457,-0.001591132831113518,"(0.344, 0.574]"
2024-11-19,21948.8,-0.06109624610461901,1.103846047577889,sideways,bull,0.079536668956279,0.760134160518646,0.16032914817333202,0.760134160518646,23534.8,0.020565290548464343,2,0,0.0008867076777827609,0.0008867076777827609,0.08079247921705301,0.00039389821219086145,"(0.716, 0.808]"
2024-11-21,21817.55,-0.069266783981229,1.088963248413497,sideways,sideways,0.048116013407707006,0.8543454408645631,0.09753847122192301,0.8543454408645631,23348.7,0.011861474086351631,1,0,-0.007907439196424004,-0.0,0.049422457814216,-0.0006388616169371968,"(0.808, 0.898]"
2024-11-22,22210.75,-0.043752959917337006,1.079436576641448,sideways,sideways,0.09044891595840401,0.8468220233917231,0.062729068100452,0.8468220233917231,23886.55,-0.004889781069262744,1,0,0.023035543734768904,0.0,-0.027719847857952007,0.001138473188459144,"(0.808, 0.898]"
2024-11-25,22574.9,-0.011520273228829,1.170415132384676,bear,bear,0.677279114723205,0.20151399075984902,0.12120690941810601,0.677279114723205,24273.5,-0.020718067027828746,0,-1,0.016199493020130573,0.0,-0.556072205305099,-0.00044904748189397497,"(0.574, 0.716]"
2024-11-26,22565.15,-0.011880130230399001,1.153700533004142,sideways,sideways,0.48621448874473505,0.402845442295074,0.11094003915786702,0.48621448874473505,24217.1,-0.019279765124643244,1,0,-0.0023235215358312633,0.0023235215358312633,-0.37527444958686806,0.0012920457445035813,"(0.344, 0.574]"
2024-11-27,22696.6,-0.0044936082863100005,1.153637442093337,sideways,sideways,0.216779887676239,0.7464526295661921,0.036767464131116,0.7464526295661921,24299.55,-0.012629863515990936,1,0,0.003404619050175306,0.0,-0.180012423545123,-0.0012776665401075034,"(0.716, 0.808]"
2024-11-28,22548.45,0.0011232887051760001,1.165027805126097,sideways,sideways,0.32649436593055703,0.6267852783203121,0.046720329672098,0.6267852783203121,23914.15,-0.004074993257130233,1,0,-0.015860376015193633,-0.0,-0.27977403625845904,0.0028550647248319467,"(0.574, 0.716]"
2024-11-29,22676.6,0.00030878356918500005,1.128229725348266,sideways,bear,0.34667435288429205,0.609249353408813,0.044076330959796,0.609249353408813,24304.15,-0.020502671354480695,0,0,0.016308336277893964,0.0,-0.30259802192449603,-0.004562649065126649,"(0.574, 0.716]"
2024-12-02,22835.35,0.00180308630466,1.119914608193284,bear,bear,0.7209344506263731,0.25026121735572804,0.028804304078221002,0.7209344506263731,24428.5,-0.021722578136193493,0,-1,0.00511641016040465,0.0,-0.6921301465481521,-0.0015482155938928404,"(0.716, 0.808]"
2024-12-03,23013.2,0.011355845799567001,1.1190010686214271,bear,sideways,0.5893922448158261,0.38504076004028304,0.025567023083567002,0.5893922448158261,24547.0,-0.010769136758055908,1,-1,0.004850891376875444,-0.004850891376875444,-0.5638252217322591,-0.003357448159565968,"(0.574, 0.716]"
2024-12-04,23095.7,0.017019533933383003,1.128513971257779,bear,sideways,0.626276314258575,0.34562468528747503,0.028099045157432,0.626276314258575,24561.7,-0.01910698363712604,1,-1,0.0005988511834440491,-0.0005988511834440491,-0.598177269101143,-0.00033764740128996675,"(0.574, 0.716]"
2024-12-05,23278.15,0.034186857052733,1.126834760092089,bear,bear,0.9358881711959831,0.04778169840574201,0.016330134123563,0.9358881711959831,24764.35,-0.042129108981257324,0,-1,0.008250650402862991,-0.008250650402862991,-0.9195580370724201,-0.00493535152629283,"(0.898, 0.988]"
2024-12-06,23301.1,0.028221811835465002,1.100645858959819,bear,bear,0.9405819177627561,0.045591615140438004,0.01382650155574,0.9405819177627561,24783.25,-0.0398737050225455,0,-1,0.0007631938653751558,-0.0007631938653751558,-0.9267554162070162,-0.0007018010527500911,"(0.898, 0.988]"
2024-12-09,23296.85,0.010959326167425001,1.091875158836763,bear,bear,0.960240244865417,0.025961682200431,0.013798049651086,0.960240244865417,24694.6,-0.03698176929369179,0,-1,-0.003577012700110016,0.003577012700110016,-0.946442195214331,0.0033150158936682407,"(0.898, 0.988]"
2024-12-10,23319.9,0.022932741445183,1.010059425851011,bear,bear,0.975138425827026,0.015093677677214002,0.009767904877662001,0.975138425827026,24682.6,-0.04191211622762592,0,-1,-0.00048593619657744114,0.00048593619657744114,-0.965370520949364,0.0004599105206228561,"(0.898, 0.988]"
2024-12-11,23346.5,0.032775064585766005,0.9775690765357731,bear,bear,0.9751983880996701,0.014147253707051001,0.01065435539931,0.9751983880996701,24734.9,-0.049899130378533996,0,-1,0.002118901574388543,-0.002118901574388543,-0.96454403270036,-0.0020455251167078954,"(0.898, 0.988]"
2024-12-12,23245.15,0.029692334611304,0.9429817364145251,bear,bear,0.969587266445159,0.015029431320726,0.015383291058242002,0.969587266445159,24648.55,-0.0603057786360659,0,-1,-0.003491018762962539,0.003491018762962539,-0.954203975386917,0.0033672413158605096,"(0.898, 0.988]"
2024-12-13,23363.0,0.048253397075946,0.9544284151536391,bear,bear,0.9630351066589351,0.019803129136562,0.017161801457405,0.9630351066589351,24830.75,-0.06278505482113916,0,-1,0.007391915548784933,-0.007391915548784933,-0.9458733052015301,-0.007053395202374948,"(0.898, 0.988]"
2024-12-16,23336.7,0.06249046742077401,0.8754631817689811,bear,bear,0.946651697158813,0.029607173055410003,0.023741150274872003,0.946651697158813,24738.5,-0.05952664874588187,0,-1,-0.003715151576170639,0.003715151576170639,-0.922910546883941,0.0035140627006771965,"(0.898, 0.988]"
2024-12-17,23077.05,0.049765614871457,0.7708697683765621,bear,bear,0.7882023453712461,0.10772777348756701,0.10406987369060501,0.7882023453712461,24417.65,-0.04259623673858881,0,-1,-0.012969662671544313,0.012969662671544313,-0.6841324716806411,0.011969838469095198,"(0.716, 0.808]"
2024-12-18,22945.15,0.04767112154184,0.8436385284076,bear,bear,0.752370715141296,0.159136623144149,0.088492639362812,0.752370715141296,24257.35,-0.040818556025287056,0,-1,-0.006564923323907235,0.006564923323907235,-0.663878075778484,0.004491277219978546,"(0.716, 0.808]"
2024-12-19,22758.9,0.036908623706079,0.853382550801937,bear,bear,0.870046913623809,0.078094825148582,0.051858276128768005,0.870046913623809,24018.8,-0.02575482538678031,0,-1,-0.009834132747394086,0.009834132747394086,-0.818188637495041,0.006528665125290162,"(0.808, 0.898]"
2024-12-20,22337.5,0.023831731793899,0.8891299134749031,bear,bear,0.8875313997268671,0.06522902101278301,0.047239515930414006,0.8875313997268671,23625.65,-0.02211367729565117,0,-1,-0.016368428064682528,0.016368428064682528,-0.8402918837964531,0.013392461856178189,"(0.808, 0.898]"
2024-12-23,22407.85,0.008874081244442,0.981323517431897,bear,bear,0.910535514354705,0.042946323752403,0.04651815444231,0.910535514354705,23769.75,-0.024013714910758432,0,-1,0.006099303087957253,-0.006099303087957253,-0.864017359912395,-0.005125194881625124,"(0.898, 0.988]"
2024-12-24,22393.5,-0.008035473025351,0.8777370407436881,bear,bear,0.8777830004692071,0.059751912951469005,0.062465108931064,0.8777830004692071,23770.6,-0.021324661556712865,0,-1,3.575973664005083e-05,-3.575973664005083e-05,-0.815317891538143,-3.089703324289926e-05,"(0.808, 0.898]"
2024-12-26,22435.35,-0.00575223297873,0.792261332925505,bear,bear,0.9270296692848201,0.041016858071088,0.031953450292348,0.9270296692848201,23750.2,-0.026791353335971824,0,-1,-0.0008582029902484134,0.0008582029902484134,-0.8950762189924721,0.000699708252521066,"(0.898, 0.988]"
2024-12-27,22454.2,-0.010680013746552001,0.7985033747798831,bear,bear,0.9019672274589531,0.059027221053838,0.039005618542432,0.9019672274589531,23992.65,-0.04777296380349816,0,-1,0.010208335087704468,-0.010208335087704468,-0.8629616089165211,-0.009137237972510702,"(0.898, 0.988]"
2024-12-30,22354.5,-0.008601478150382001,0.7823899578561021,bear,bear,0.9414570331573481,0.027976451441645,0.030566485598683003,0.9414570331573481,23816.7,-0.03522738246692447,0,-1,-0.007333495883114272,0.007333495883114272,-0.910890547558665,0.006328525406274975,"(0.898, 0.988]"
2024-12-31,22386.85,-0.012777488688780002,0.7721544006493141,bear,bear,0.9164883494377131,0.04526312649250001,0.038248501718044,0.9164883494377131,23805.85,-0.027623462300232826,0,-1,-0.0004555626934042989,0.0004555626934042989,-0.8782398477196691,0.00041496775124234207,"(0.898, 0.988]"
2025-01-01,22487.75,-0.015222013238246,0.758773146423613,bear,bear,0.759296059608459,0.17857174575328802,0.062132157385349,0.759296059608459,23897.85,-0.02713005563261961,0,-1,0.003864596307210144,-0.003864596307210144,-0.69716390222311,-0.0033940424723422325,"(0.716, 0.808]"
2025-01-02,22807.9,-0.008920967097144001,0.741223677562267,bear,bear,0.829069793224334,0.10220578312873801,0.068724438548088,0.829069793224334,24282.65,-0.02728079513562154,0,-1,0.01610186690434512,-0.01610186690434512,-0.7603453546762461,-0.011225640364110391,"(0.808, 0.898]"
2025-01-03,22693.55,-0.017412332165727,0.7926110827710621,bear,bear,0.880306780338287,0.072466634213924,0.047226540744304005,0.880306780338287,24092.4,-0.0269649350002491,0,-1,-0.007834812098350019,0.007834812098350019,-0.833080239593983,0.005957162983741689,"(0.808, 0.898]"
2025-01-06,22235.3,-0.044799522298808,0.792323938339451,sideways,sideways,0.33608624339103704,0.598945140838623,0.06496862322092001,0.598945140838623,23721.05,0.0027127804207656148,1,0,-0.015413574405206742,0.015413574405206742,-0.27111762017011704,0.012840744258489318,"(0.574, 0.716]"
2025-01-07,22327.8,-0.041770560188145005,0.899009378420147,sideways,sideways,0.22505550086498202,0.732515394687652,0.042429108172655,0.732515394687652,23795.05,-0.0009434735375635217,1,0,0.003119592092255541,0.0,-0.18262639269232703,-0.0008457763839538385,"(0.716, 0.808]"
2025-01-08,22216.75,-0.046362491066388005,0.91342404893141,sideways,sideways,0.175473943352699,0.770027160644531,0.054498869925737006,0.770027160644531,23781.35,-0.003887500078843198,1,0,-0.0005757499984240244,-0.0,-0.120975073426962,0.00010514714530479255,"(0.716, 0.808]"
2025-01-09,22062.55,-0.053917469628943004,0.936107098991767,sideways,sideways,0.12345543503761201,0.773594975471496,0.102949544787406,0.773594975471496,23648.1,-0.0014018039504229973,1,0,-0.005603130183946647,-0.0,-0.020505890250206008,0.0006778390854237727,"(0.716, 0.808]"
2025-01-10,21801.35,-0.066183367956653,0.9641016448406361,sideways,sideways,0.144317477941513,0.637672185897827,0.218010365962982,0.637672185897827,23500.65,-0.0017659086025280102,1,0,-0.006235173227447377,-0.0,0.073692888021469,0.0001278577778930587,"(0.574, 0.716]"
2025-01-13,21246.9,-0.08596416886963501,0.9768635770314991,sideways,sideways,0.122803702950477,0.7046984434127801,0.172497808933258,0.7046984434127801,23162.1,-0.0003864071047097184,1,0,-0.014405984515322046,-0.0,0.049694105982781,-0.001061618603726644,"(0.574, 0.716]"
2025-01-14,21518.1,-0.078966742284809,1.06654719755575,sideways,sideways,0.11497114598751002,0.800197780132293,0.084831081330776,0.800197780132293,23271.75,-0.006355344999838919,1,0,0.004734026707422956,0.0,-0.03014006465673401,0.00023525322492399213,"(0.716, 0.808]"
2025-01-15,21561.6,-0.076064739230482,1.101249722884707,sideways,sideways,0.14817215502262102,0.794607996940612,0.057219848036766004,0.794607996940612,23265.9,-0.006797501923415883,1,0,-0.00025137774340122654,-0.0,-0.09095230698585502,7.576541439376859e-06,"(0.716, 0.808]"
2025-01-16,21740.45,-0.057919014778751006,1.112400012597046,sideways,sideways,0.16616897284984503,0.7639162540435791,0.069914765655994,0.7639162540435791,23377.55,-0.016336185785080004,1,0,0.004798868730631511,0.0,-0.09625420719385103,-0.0004364681819732176,"(0.716, 0.808]"
2025-01-17,21678.3,-0.055212103647176006,1.121387081483794,sideways,sideways,0.33539557456970204,0.5766310095787041,0.087973415851593,0.5766310095787041,23267.2,-0.010349332966579583,1,0,-0.0047203406687184035,-0.0,-0.24742215871810902,0.00045435264875238253,"(0.574, 0.716]"
2025-01-20,21790.5,-0.042550386881615006,1.119134286571998,sideways,sideways,0.48882976174354503,0.43358448147773704,0.077585764229297,0.48882976174354503,23400.2,-0.018273348091042085,1,0,0.005716201347820027,0.0,-0.411243997514248,-0.0014143148771449954,"(0.344, 0.574]"
2025-01-21,21452.65,-0.039612758813654,1.1339235488562691,sideways,sideways,0.391063004732131,0.521736204624176,0.087200805544853,0.521736204624176,23103.2,-0.006003497351016351,1,0,-0.01269219921197251,-0.0,-0.303862199187278,0.005219590741178764,"(0.344, 0.574]"
2025-01-22,21400.05,-0.04497530999181,1.088389287829771,bear,sideways,0.533099114894866,0.389545321464538,0.07735551148653001,0.533099114894866,23198.95,-0.011054379616318832,1,-1,0.004144447522421046,0.0,-0.45574360340833603,-0.0012593409385791249,"(0.344, 0.574]"
2025-01-23,21535.4,-0.038319155111974,1.087641491199903,bear,sideways,0.652934253215789,0.25841483473777704,0.08865094929933501,0.652934253215789,23263.7,-0.018960870368857963,1,-1,0.0027910745960484373,-0.0027910745960484373,-0.564283303916454,-0.0012720143937845808,"(0.574, 0.716]"
2025-01-24,21313.25,-0.050014820361616,1.12754567878751,bear,bear,0.805430352687835,0.13770754635334,0.056862097233533006,0.805430352687835,23113.9,-0.021686084996473953,0,-1,-0.006439216461697761,0.006439216461697761,-0.7485682554543021,0.003633542339640031,"(0.716, 0.808]"
2025-01-27,20894.95,-0.06944135172929701,1.131627811449505,sideways,sideways,0.32497495412826505,0.631998717784881,0.04302629828453,0.631998717784881,22846.45,-0.011568536906171434,1,0,-0.011570959465949104,0.011570959465949104,-0.2819486558437351,0.008661652941357964,"(0.574, 0.716]"
2025-01-28,20940.7,-0.063244536894137,1.161942015367813,bear,sideways,0.553141057491302,0.39360335469245905,0.053255561739206,0.553141057491302,22977.7,-0.018829125630502652,1,-1,0.005744875024347396,0.0,-0.49988549575209607,-0.001619759791104993,"(0.344, 0.574]"
2025-01-29,21255.0,-0.05055869852167601,1.180725886705153,bear,bear,0.8525813817977901,0.086634173989295,0.060784459114074006,0.8525813817977901,23148.25,-0.03750607497327019,0,-1,0.007422413905656233,-0.007422413905656233,-0.791796922683716,-0.0037103570549062177,"(0.808, 0.898]"
2025-01-30,21331.6,-0.051412435659414,1.22815486750349,bear,bear,0.868304848670959,0.070481687784194,0.061213508248329,0.868304848670959,23249.5,-0.042568657390481546,0,-1,0.0043739807544846965,-0.0043739807544846965,-0.80709134042263,-0.003463304501278781,"(0.808, 0.898]"
2025-01-31,21603.05,-0.052825994501905005,1.227893630847539,bear,bear,0.8811876177787781,0.048626743257045,0.07018566131591701,0.8811876177787781,23620.2,-0.060505414856775186,0,-1,0.015944428912449737,-0.015944428912449737,-0.8110019564628611,-0.012868610503222395,"(0.808, 0.898]"
2025-02-03,21400.4,-0.056983151600344006,1.196224253995017,bear,bear,0.9099367856979371,0.043749187141656,0.046314012259244,0.9099367856979371,23442.75,-0.042716831429759794,0,-1,-0.0075126374882515945,0.0075126374882515945,-0.8636227734386931,0.006092763701168278,"(0.898, 0.988]"
2025-02-04,21704.35,-0.023878697386587003,1.197526220598758,bear,bear,0.8651543259620661,0.05452468618750501,0.08032096177339501,0.8651543259620661,23785.4,-0.048956502728564555,0,-1,0.014616459246462155,-0.014616459246462155,-0.7848333641886711,-0.012623107072283276,"(0.808, 0.898]"
2025-02-05,21777.3,-0.024655362373364003,1.164416183823382,bear,bear,0.9370206594467161,0.030950123444199003,0.032029282301664005,0.9370206594467161,23772.6,-0.047224535810134305,0,-1,-0.0005381452487661642,0.0005381452487661642,-0.9049913771450521,0.00042235434601129796,"(0.898, 0.988]"
2025-02-06,21683.55,-0.023999909977832003,1.166605597665364,bear,bear,0.936617136001586,0.030501628294587003,0.032881297171115,0.936617136001586,23688.9,-0.04952741579389508,0,-1,-0.0035208601499203684,0.0035208601499203684,-0.903735838830471,0.0031863480758115687,"(0.898, 0.988]"
2025-02-07,21642.05,-0.019059446890771003,1.197309542209182,bear,bear,0.9143235683441161,0.058330327272415,0.027346124872565002,0.9143235683441161,23614.95,-0.04449088395275036,0,-1,-0.0031217152337170706,0.0031217152337170706,-0.886977443471551,0.0028212059353331567,"(0.898, 0.988]"
2025-02-10,21360.15,-0.020237278884105002,1.199983024095161,bear,bear,0.883613526821136,0.06923339515924401,0.047153081744909,0.883613526821136,23459.15,-0.03959222733986534,0,-1,-0.006597515556882372,0.006597515556882372,-0.8364604450762271,0.005851847481907313,"(0.808, 0.898]"
2025-02-11,20942.5,-0.014326795909050002,1.196152883463542,bear,bear,0.8431492447853081,0.09000307321548401,0.066847659647464,0.8431492447853081,23153.15,-0.030617864091927127,0,-1,-0.013043950867785092,0.013043950867785092,-0.7763015851378441,0.010910748948419957,"(0.808, 0.898]"
2025-02-12,20919.3,-0.027827735720161003,1.100789222130198,bear,bear,0.793675005435943,0.13117004930973,0.075154922902584,0.793675005435943,23123.85,-0.023333052238273422,0,-1,-0.0012654865536656512,0.0012654865536656512,-0.7185200825333591,0.0009823992175812723,"(0.716, 0.808]"
2025-02-13,20888.15,-0.031233767438408003,1.067904400095133,sideways,sideways,0.322322487831115,0.5236159563064571,0.15406160056591,0.5236159563064571,23107.75,-0.009189557615951305,1,0,-0.0006962508405822243,0.0006962508405822243,-0.168260887265205,0.0005002702114390604,"(0.344, 0.574]"
2025-02-14,20599.2,-0.052494313595164,1.083124776701179,sideways,sideways,0.12442649155855101,0.6575441360473631,0.21802936494350403,0.6575441360473631,22995.65,-0.0009871432205657005,1,0,-0.00485118629031378,-0.0,0.09360287338495302,0.000816264909496995,"(0.574, 0.716]"
2025-02-17,20661.9,-0.046885595272691004,1.075693227626927,sideways,sideways,0.109202571213245,0.65854924917221,0.232248231768608,0.65854924917221,23026.4,0.007550029531320446,1,0,0.0013372094287398273,0.0,0.123045660555363,0.00012516664484749941,"(0.574, 0.716]"
2025-02-18,20579.65,-0.055567793304421007,1.082155337937675,sideways,sideways,0.106636933982372,0.686625480651855,0.206737548112869,0.686625480651855,22972.6,0.017727640754638063,1,0,-0.00233644859813098,-0.0,0.100100614130497,-0.00028748986111067835,"(0.574, 0.716]"
2025-02-19,20717.0,-0.034291800779857,1.068274566515735,bull,bull,0.08325413614511401,0.17061839997768402,0.7461274266242981,0.7461274266242981,22964.5,0.03199939036338684,2,1,-0.0003525939597607275,-0.0,0.6628732904791841,-3.529487191075257e-05,"(0.716, 0.808]"
2025-02-20,20824.95,-0.02687376898652,1.039767313680427,bull,bull,0.062728129327297,0.043137919157743,0.894133925437927,0.894133925437927,22942.5,0.03325051759834352,2,1,-0.0009580003919092972,-0.0009580003919092972,0.83140579611063,-0.0006350328720652638,"(0.808, 0.898]"
2025-02-21,20655.95,-0.040837411889261,1.081977862472536,bull,bull,0.07562481611967001,0.12138992547988801,0.8029852509498591,0.8029852509498591,22822.6,0.03064068072875137,2,1,-0.0052261087501362935,-0.0052261087501362935,0.7273604348301891,-0.004345017105967795,"(0.716, 0.808]"
2025-02-24,20462.2,-0.0399305596284,1.104162010374772,bull,bull,0.070126585662364,0.09260428696870801,0.8372691273689271,0.8372691273689271,22612.65,0.04330761763879942,2,1,-0.009199214813386591,-0.009199214813386591,0.7671425417065632,-0.0066911448867611875,"(0.808, 0.898]"
2025-02-25,20394.5,-0.023950763222692,1.093456566033552,bull,bull,0.073296628892421,0.081248871982097,0.8454545140266411,0.8454545140266411,22582.15,0.046740456511005446,2,1,-0.0013488025507846224,-0.0013488025507846224,0.7721578851342201,-0.0010347238170692109,"(0.808, 0.898]"
2025-02-27,20281.8,-0.031465041760781,1.007443857565606,bull,bull,0.048179078847169,0.028599835932254004,0.9232210516929621,0.9232210516929621,22545.05,0.034435496927263554,2,1,-0.0016428905130823068,-0.0016428905130823068,0.8750419728457931,-0.0012685708640887078,"(0.898, 0.988]"
2025-02-28,19884.3,-0.064488355681016,1.010007288417971,bull,bull,0.050501894205808,0.125394314527511,0.824103832244873,0.824103832244873,22280.05,0.05201514359258619,2,1,-0.011754243170895573,-0.011754243170895573,0.7736019380390651,-0.010285456133569654,"(0.808, 0.898]"
2025-03-03,19909.65,-0.066659322319938,0.98488590517186,bull,bull,0.066145740449428,0.15495879948139102,0.7788954377174371,0.7788954377174371,22259.8,0.047895758272760824,2,1,-0.0009088848543876704,-0.0009088848543876704,0.7127496972680091,-0.0007031150848086552,"(0.716, 0.808]"
2025-03-04,19909.4,-0.078398652042188,0.983970304028809,bull,bull,0.065962344408035,0.18016827106475802,0.753869354724884,0.753869354724884,22191.05,0.03456799024832091,2,1,-0.003088527300335153,-0.003088527300335153,0.687907010316849,-0.002201346898317862,"(0.716, 0.808]"
2025-03-05,20255.35,-0.053506009233472006,0.9159054135859551,sideways,sideways,0.159949988126754,0.39187079668045005,0.448179215192794,0.448179215192794,22441.35,-0.007911734365356748,1,0,0.011279322069032371,0.011279322069032371,0.28822922706604004,0.007759124722908914,"(0.344, 0.574]"
2025-03-06,20423.45,-0.059015819409473,0.9982243988669611,sideways,sideways,0.112262271344661,0.679498255252838,0.208239421248435,0.679498255252838,22620.95,0.0004155439979309783,1,0,0.008003083593455917,0.0,0.095977149903774,0.002306722598286705,"(0.574, 0.716]"
2025-03-07,20431.9,-0.06177992680451601,0.9513102740711361,sideways,sideways,0.11644612252712201,0.5486353039741511,0.33491855859756403,0.5486353039741511,22649.95,-0.007518780394658697,1,0,0.0012819974404258971,0.0,0.21847243607044203,0.0001230424605160109,"(0.344, 0.574]"
2025-03-10,20235.6,-0.066776427291656,0.9434091719557761,sideways,sideways,0.15786547958850802,0.5979595184326171,0.244175016880035,0.5979595184326171,22515.65,0.0178542480452486,1,0,-0.005929372912522934,-0.0,0.08630953729152699,-0.0012954045445689774,"(0.574, 0.716]"
2025-03-11,20330.25,-0.060613481624892,0.9505901266037381,bull,bull,0.128598734736442,0.22813357412815002,0.643267750740051,0.643267750740051,22564.3,0.03441719884951011,2,1,0.002160719321893767,0.0,0.514669016003609,0.00018649068488951298,"(0.574, 0.716]"
2025-03-12,20259.05,-0.051549263464910004,0.9640176707862531,bull,bull,0.11299625784158701,0.22983013093471502,0.657173573970794,0.657173573970794,22530.35,0.04008592853639659,2,1,-0.0015045891075725626,-0.0015045891075725626,0.544177316129207,-0.000774365395484119,"(0.574, 0.716]"
2025-03-13,20160.8,-0.037326011698698,0.934807961174944,bull,bull,0.064313016831874,0.062310717999935004,0.873376309871673,0.873376309871673,22444.25,0.06269088964879632,2,1,-0.0038215118717640495,-0.0038215118717640495,0.8090632930397991,-0.0020795800739324627,"(0.808, 0.898]"
2025-03-17,20294.8,-0.029852815342769002,0.8450505620538241,bull,bull,0.074704639613628,0.049642994999885004,0.8756523728370661,0.8756523728370661,22584.3,0.06868488286110264,2,1,0.006239905543736102,0.006239905543736102,0.800947733223438,0.005048478527472428,"(0.808, 0.898]"
2025-03-18,20667.7,-0.010553830760502,0.864356290114327,bull,bull,0.052966449409723004,0.029103280976414004,0.9179303050041191,0.9179303050041191,22895.4,0.05562689448535507,2,1,0.01377505612305896,0.01377505612305896,0.8649638555943961,0.011033099976789714,"(0.898, 0.988]"
2025-03-19,20862.0,0.012757777001048002,0.9387613772537001,bull,bull,0.152589976787567,0.08618355542421301,0.761226534843444,0.761226534843444,22972.95,0.05831858773035248,2,1,0.0033871432689536185,0.0033871432689536185,0.608636558055877,0.0029297565013647288,"(0.716, 0.808]"
2025-03-20,21050.3,0.01879788402809,0.9072213445414481,bull,bull,0.124681495130062,0.073302440345287,0.8020160794258111,0.8020160794258111,23200.25,0.04510511740175227,2,1,0.009894245188362794,0.009894245188362794,0.6773345842957491,0.006021999336006053,"(0.716, 0.808]"
2025-03-21,21282.55,0.034155099819481005,0.917340283157804,bull,bull,0.09483592212200101,0.062498059123754,0.8426660299301141,0.8426660299301141,23379.85,0.03247454538844341,2,1,0.007741295891207978,0.007741295891207978,0.7478301078081131,0.005243447434381746,"(0.808, 0.898]"
2025-03-24,21551.55,0.040283342182748004,0.9275197669682,bull,bull,0.09688159078359601,0.074568659067153,0.8285497426986691,0.8285497426986691,23699.35,0.031792011173302326,2,1,0.013665613765699858,0.013665613765699858,0.7316681519150731,0.010219557415667359,"(0.808, 0.898]"
2025-03-25,21389.75,0.027121313616599002,0.9620153252453951,bull,bull,0.083237990736961,0.06011444330215401,0.856647551059722,0.856647551059722,23705.35,0.03037078127933146,2,1,0.0002531715004840951,0.0002531715004840951,0.773409560322761,0.00018523752387676387,"(0.808, 0.898]"
2025-03-26,21256.7,0.029083629656345002,0.9771737794706731,bull,bull,0.11136133223772,0.047629252076148,0.8410094380378721,0.8410094380378721,23521.9,0.03811341770860355,2,1,-0.007738759393976391,-0.007738759393976391,0.729648105800152,-0.005985230500338916,"(0.808, 0.898]"
2025-03-27,21404.85,0.046067871489869,0.9666896784748461,bull,bull,0.055387713015079006,0.043076489120721005,0.901535868644714,0.901535868644714,23591.95,0.034280761022297934,2,1,0.0029780757506834288,0.0029780757506834288,0.846148155629635,0.0021729473304155297,"(0.898, 0.988]"
2025-03-28,21312.75,0.045024393831670007,0.9376632764445001,bull,bull,0.07428003847599,0.026690742000937,0.8990292549133301,0.8990292549133301,23637.65,0.038753852434569414,2,1,0.0019371014265459063,0.0019371014265459063,0.8247492164373401,0.0016390747993393535,"(0.898, 0.988]"
2025-04-01,21081.15,0.039412182350679004,0.939938913879344,bull,bull,0.08947917073965,0.024007806554436,0.886512994766235,0.886512994766235,23321.4,0.047595770408294547,2,1,-0.013379079561631535,-0.013379079561631535,0.7970338240265851,-0.01103438538510844,"(0.808, 0.898]"
2025-04-02,21260.5,0.06921038206021801,0.9607230323718131,bull,bull,0.100577935576438,0.041076865047216006,0.858345210552215,0.858345210552215,23438.95,0.04362183459583302,2,1,0.005040434965310814,0.005040434965310814,0.757767274975777,0.004017397155158985,"(0.808, 0.898]"
2025-04-03,21239.65,0.06680177702772201,0.835340923217168,bull,bull,0.104557916522026,0.032249134033918,0.8631929159164421,0.8631929159164421,23325.95,0.04055354658652699,2,1,-0.00482103507196352,-0.00482103507196352,0.7586349993944161,-0.0036532226090444453,"(0.808, 0.898]"
2025-04-04,20824.35,0.045955679226897,0.8410178369867951,bull,bull,0.051491107791662,0.020170789211988,0.928338110446929,0.928338110446929,22958.15,0.04823341602001907,2,1,-0.015767846540012287,-0.015767846540012287,0.876847002655267,-0.011962040250333468,"(0.898, 0.988]"
2025-04-07,20183.25,-0.0035595534019400004,0.9597027484721471,bull,bull,0.05452813953161201,0.030999217182397003,0.914472579956054,0.914472579956054,22263.8,0.12487984980102218,2,1,-0.030244161659367275,-0.030244161659367275,0.8599444404244421,-0.02651950249883754,"(0.898, 0.988]"
2025-04-08,20493.25,0.0034176400167450004,1.058837596807593,bull,bull,0.09911702573299401,0.040308665484189,0.8605743050575251,0.8605743050575251,22630.35,0.08881214828758743,2,1,0.016463945957114312,0.016463945957114312,0.7614572793245311,0.014158078793268922,"(0.808, 0.898]"
2025-04-09,20363.85,-0.0033305762068130003,1.095304679789155,bull,bull,0.126987114548683,0.060784142464399005,0.8122287392616271,0.8122287392616271,22479.65,0.09947886199295808,2,1,-0.006659198819284562,-0.006659198819284562,0.685241624712944,-0.005070695415413553,"(0.808, 0.898]"
2025-04-11,20757.5,0.025791179900769002,1.103338867521713,bull,bull,0.12272385507822,0.029403686523437004,0.8478724360466001,0.8478724360466001,22917.65,0.09429631746710498,2,1,0.01948428912371858,0.01948428912371858,0.7251485809683801,0.013351445935513663,"(0.808, 0.898]"
2025-04-15,21290.25,0.047220275205666004,1.117652325264356,bull,bull,0.15961056947708102,0.056693028658628006,0.783696413040161,0.783696413040161,23340.9,0.07445299881324186,2,1,0.018468298451193688,0.018468298451193688,0.6240858435630801,0.013392260414783634,"(0.716, 0.808]"
2025-04-16,21397.8,0.056209447135971,1.163022242023382,bull,bull,0.23979142308235102,0.123066209256649,0.637142419815063,0.637142419815063,23433.5,0.06584163697271017,2,1,0.003967284894755396,0.003967284894755396,0.397350996732712,0.002475926340198487,"(0.574, 0.716]"
2025-04-17,21671.05,0.074910221816594,1.165646571811461,bull,bull,0.170686081051826,0.154033839702606,0.6752801537513731,0.6752801537513731,23851.3,0.03871067824395302,2,1,0.017829176179401163,0.017829176179401163,0.504594072699547,0.007084440925808178,"(0.574, 0.716]"
2025-04-21,22005.9,0.08431223761751701,1.206774283270883,bull,bull,0.11148078739643001,0.34634962677955605,0.542169570922851,0.542169570922851,24135.5,0.028866192952290204,2,1,0.01191549307584916,0.01191549307584916,0.430688783526421,0.00601248717936598,"(0.344, 0.574]"
2025-04-22,22064.8,0.06759823299157601,1.221479093075515,sideways,sideways,0.09502461552619901,0.673269152641296,0.23170618712902002,0.673269152641296,24169.0,0.01999255244321252,1,0,0.0013879969339769538,0.0013879969339769538,0.13668157160282102,0.0005977947110329363,"(0.574, 0.716]"
2025-04-23,22217.7,0.06498418176589,1.186470180880317,sideways,bull,0.09107668697834001,0.7566586732864381,0.152264654636383,0.7566586732864381,24312.7,0.023329371069441107,2,0,0.005945632835450354,0.0,0.06118796765804299,0.0008126584401226913,"(0.716, 0.808]"
2025-04-24,22176.95,0.05352180253963101,1.183936724333594,sideways,bull,0.15952381491661002,0.44745290279388406,0.393023252487182,0.44745290279388406,24246.7,0.032548759212593925,2,0,-0.0027146306251465413,-0.0,0.23349943757057198,-0.00016610273089499958,"(0.344, 0.574]"
2025-04-25,21804.7,0.024534184108577002,1.181658555445064,bull,bull,0.14370097219944,0.2510666847229,0.60523235797882,0.60523235797882,24139.1,0.029972119921620965,2,1,-0.004437717297611776,-0.0,0.46153138577938,-0.0010362044930895483,"(0.574, 0.716]"
2025-04-28,22094.35,0.025186123503877,1.203941532668249,sideways,sideways,0.08186449110507901,0.7485026121139521,0.16963286697864502,0.7485026121139521,24452.8,0.012665216253353373,1,0,0.012995513502988887,0.012995513502988887,0.087768375873566,0.005997837355949106,"(0.716, 0.808]"
2025-04-29,22105.1,0.033443588634743004,1.212421440496215,sideways,sideways,0.08444679528474801,0.7321065068244931,0.18344673514366103,0.7321065068244931,24425.3,0.016716273699811213,1,0,-0.0011246155859451212,-0.0,0.09899993985891302,-9.870568346050207e-05,"(0.716, 0.808]"
2025-04-30,21948.7,0.032554441658394,1.200669974445638,sideways,sideways,0.063018485903739,0.715944230556488,0.221037298440933,0.715944230556488,24418.4,0.018543393506536,1,0,-0.0002824939714147767,-0.0,0.15801881253719402,-2.796688618056839e-05,"(0.574, 0.716]"
2025-05-02,21979.2,0.02683270380311,1.201181177148211,sideways,sideways,0.05690714344382201,0.757132649421691,0.185960203409194,0.757132649421691,24400.7,0.01744212256205757,1,0,-0.0007248632179013281,-0.0,0.129053059965372,-0.0001145420249446572,"(0.716, 0.808]"
2025-05-05,22198.35,0.041552591758454,1.205199837371395,sideways,sideways,0.04917579144239401,0.807768821716308,0.143055364489555,0.807768821716308,24553.7,0.0049524104310143535,1,0,0.006270311917281113,0.0,0.09387957304716099,0.0008092029398624661,"(0.716, 0.808]"
2025-05-06,21919.1,0.039748780308474,1.236770157953924,sideways,sideways,0.096652962267398,0.6120808124542231,0.291266232728958,0.6120808124542231,24431.4,0.012197418076737243,1,0,-0.004980919372640336,-0.0,0.19461327046156002,-0.0004676065840858077,"(0.574, 0.716]"
2025-05-07,22071.55,0.038148209120199006,1.22969168177277,sideways,sideways,0.076274424791336,0.7151296734809871,0.208595857024192,0.7151296734809871,24461.4,0.016352293818015395,1,0,0.0012279279943023802,0.0,0.132321432232856,0.00023897108286249005,"(0.574, 0.716]"
2025-05-08,21734.95,0.023319593307799,1.240195412501604,bull,bull,0.152315124869346,0.237132564187049,0.6105523109436031,0.6105523109436031,24271.9,0.03396520255933799,2,1,-0.0077468991962847955,-0.0,0.45823718607425706,-0.0010250807970159652,"(0.574, 0.716]"
2025-05-09,21705.75,0.042325450734356,1.263758585619584,bull,bull,0.13411591947078702,0.10357391834259001,0.7623101472854611,0.7623101472854611,24065.5,0.04638590513390528,2,1,-0.008503660611653863,-0.008503660611653863,0.628194227814674,-0.003896693510014762,"(0.716, 0.808]"
2025-05-12,22507.5,0.11515737059195101,1.206717520422833,sideways,sideways,0.0203458648175,0.873145401477813,0.10650874674320202,0.873145401477813,25044.1,0.004651794234969531,1,0,0.040664021109056536,0.040664021109056536,0.08616288192570201,0.025544903340443376,"(0.808, 0.898]"
2025-05-13,22358.05,0.090995815695411,1.107456674658871,sideways,bull,0.038077142089605005,0.8306531906127931,0.13126964867115,0.8306531906127931,24640.2,0.023193805245087296,2,0,-0.016127551000035822,-0.0,0.09319250658154501,-0.001389596272566824,"(0.808, 0.898]"
2025-05-14,22514.7,0.105620990136934,1.118305673165117,sideways,sideways,0.016044253483414,0.913687288761138,0.070268377661705,0.913687288761138,24715.9,0.008961842376769669,1,0,0.003072215322927674,0.0,0.054224124178291006,0.0002863074467018607,"(0.898, 0.988]"
2025-05-15,22773.9,0.09714079248464401,1.098813109976107,sideways,sideways,0.014508508145809002,0.9036541581153871,0.081837378442287,0.9036541581153871,25078.7,-0.014007903120975107,1,0,0.014678809996803599,0.0,0.067328870296478,0.0007959456160562177,"(0.898, 0.988]"
2025-05-16,22860.1,0.073735630159345,1.066826831713876,sideways,sideways,0.015599048696458001,0.908831655979156,0.07556929439306201,0.908831655979156,25078.7,-0.0032896442000581727,1,0,0.0,0.0,0.05997024569660401,0.0,"(0.898, 0.988]"
2025-05-19,22861.2,0.068390208339175,0.9893498837864521,sideways,sideways,0.061449252068996006,0.7991444468498231,0.139406293630599,0.7991444468498231,24976.4,-0.0043080668150735635,1,0,-0.004079158808072192,-0.0,0.07795704156160299,-0.0002446281559555557,"(0.716, 0.808]"
2025-05-20,22615.4,0.043576568740324007,1.001910316061037,sideways,sideways,0.067337952554225,0.6668623089790341,0.265799790620803,0.6668623089790341,24774.6,0.002111033074197133,1,0,-0.008079627168046777,-0.0,0.198461838066578,-0.0006298638309416792,"(0.574, 0.716]"
2025-05-21,22720.3,0.032464021012546,1.032602840958053,sideways,sideways,0.077616870403289,0.6252254247665401,0.297157645225524,0.6252254247665401,24832.2,-0.001171865561649832,1,0,0.002324961856094543,0.0,0.219540774822235,0.00046141620339520576,"(0.574, 0.716]"
2025-05-22,22616.1,0.024985497262608004,1.001063524555745,sideways,sideways,0.07550810277462,0.533424377441406,0.39106750488281206,0.533424377441406,24652.2,0.01863931008185893,1,0,-0.007248652958658508,-0.0,0.31555940210819206,-0.001591374886961375,"(0.344, 0.574]"
2025-05-23,22770.2,0.024867560548571,1.005572916052731,sideways,sideways,0.075395099818706,0.554482460021972,0.370122462511062,0.554482460021972,24879.9,0.004557896133023043,1,0,0.009236498162435769,0.0,0.294727362692356,0.0029146638377116458,"(0.344, 0.574]"
2025-05-26,22904.25,0.032795312249880006,1.017930930398367,sideways,sideways,0.173062816262245,0.48200523853302,0.34493196010589605,0.48200523853302,25035.9,0.0014299465966871594,1,0,0.006270121664476047,0.0,0.17186914384365104,0.001847976421931231,"(0.344, 0.574]"
2025-05-27,22819.85,0.046556476356014,1.018626416682049,sideways,sideways,0.125581040978431,0.5383507013320921,0.33606827259063704,0.5383507013320921,24862.6,0.015670122995986135,1,0,-0.006922059921952162,-0.0,0.21048723161220603,-0.001189688512420368,"(0.344, 0.574]"
2025-05-28,22775.9,0.030847252804450002,0.9600303732137311,bull,bull,0.11009769141674002,0.239144429564476,0.6507579088211061,0.6507579088211061,24762.5,0.03176173649671887,2,1,-0.004026127597274609,-0.0,0.5406602174043661,-0.0008474484520678352,"(0.574, 0.716]"
2025-05-29,22892.35,0.035613953341084005,0.9384215061230261,bull,bull,0.127875611186027,0.203455716371536,0.6686686277389521,0.6686686277389521,24833.6,0.03690967076863605,2,1,0.002871277132761252,0.002871277132761252,0.5407930165529251,0.0015523853188268834,"(0.574, 0.716]"
2025-05-30,22785.1,0.038107040508093,0.9405978544768481,bull,bull,0.11315917223691901,0.170878276228904,0.7159625291824341,0.7159625291824341,24871.2,0.029873910386310376,2,1,0.0015140777011790618,0.0015140777011790618,0.6028033569455151,0.0008188026473161432,"(0.716, 0.808]"
2025-06-02,22815.35,0.038042785906675,0.9365832041361011,bull,bull,0.11653907597064901,0.28472808003425604,0.598732829093933,0.598732829093933,24826.3,0.03290864929530368,2,1,-0.0018053009102898532,-0.0018053009102898532,0.482193753123284,-0.0010882414490195177,"(0.574, 0.716]"
2025-06-03,22701.95,0.022686370833868003,0.94373930745706,bull,bull,0.087969586253166,0.20574969053268402,0.7062807679176331,0.7062807679176331,24675.3,0.03529035107982481,2,1,-0.006082259539278878,-0.006082259539278878,0.6183111816644671,-0.0029328275547147783,"(0.574, 0.716]"
2025-06-04,22803.35,0.040341528621156,0.936527444703903,bull,bull,0.08859851211309401,0.18721729516983002,0.724184215068817,0.724184215068817,24729.4,0.03150905400050141,2,1,0.0021924758766864727,0.0021924758766864727,0.635585702955723,0.0013556323500848514,"(0.716, 0.808]"
2025-06-05,22942.75,0.039471627502372,0.9004364344408661,bull,bull,0.17081950604915602,0.270369082689285,0.5588114261627191,0.5588114261627191,24861.4,0.027299347583000122,2,1,0.005337776088380597,0.005337776088380597,0.38799192011356304,0.0033926141673536313,"(0.344, 0.574]"
2025-06-06,23163.1,0.06570753555908701,0.9256276963970451,sideways,sideways,0.11742311716079701,0.6141917705535881,0.268385082483291,0.6141917705535881,25096.3,0.017636065874252482,1,0,0.009448381828859098,0.009448381828859098,0.150961965322494,0.00366589580774514,"(0.574, 0.716]"
2025-06-09,23329.85,0.07482349147115301,0.8640900633758971,sideways,sideways,0.257756769657135,0.671690881252288,0.07055228203535001,0.671690881252288,25181.8,0.01707979572548446,1,0,0.0034068767109096676,0.0,-0.187204487621785,0.0005143088038903577,"(0.574, 0.716]"
2025-06-10,23330.25,0.036554481839386005,0.8618242593299511,bear,sideways,0.601348459720611,0.298748731613159,0.09990286082029301,0.601348459720611,25160.6,0.015826331645509173,1,-1,-0.0008418778641717806,-0.0,-0.501445598900318,0.0001576033142024009,"(0.574, 0.716]"
2025-06-11,23328.65,0.043411657098897,0.5370482614455471,sideways,sideways,0.13513897359371102,0.8110710978507991,0.053789962083101,0.8110710978507991,25211.7,0.008337398906063553,1,0,0.0020309531569200345,-0.0020309531569200345,-0.08134901151061003,-0.0010184125221102582,"(0.808, 0.898]"
2025-06-12,23016.7,0.022296544035674003,0.511426266897111,sideways,sideways,0.05760139971971501,0.8874095678329461,0.054989062249660006,0.8874095678329461,24937.4,0.011468717669043338,1,0,-0.010879869267046649,-0.0,-0.002612337470055001,0.0008850666102389101,"(0.808, 0.898]"
2025-06-13,22923.85,0.006584291667215,0.5742833206686471,sideways,sideways,0.207096979022026,0.768101394176483,0.024801608175039003,0.768101394176483,24727.4,0.017798070156991752,1,0,-0.008421086400346445,-0.0,-0.182295370846987,2.1998719542195607e-05,"(0.716, 0.808]"
2025-06-16,23089.7,0.010043700596235001,0.5443148797183041,sideways,sideways,0.05330241471529001,0.907660841941833,0.039036720991134005,0.907660841941833,24996.2,0.010777638201006523,1,0,0.010870532284025014,0.0,-0.014265693724156002,-0.0019816477140204847,"(0.898, 0.988]"
2025-06-17,22964.8,0.004531695624026001,0.5563674279894271,sideways,sideways,0.062293369323015005,0.9039677381515501,0.033738907426595,0.9039677381515501,24868.8,0.015159557357009579,1,0,-0.005096774709755891,-0.0,-0.028554461896420004,7.270902699040165e-05,"(0.898, 0.988]"
2025-06-18,22910.2,0.013035365282064,0.5672372652208041,sideways,sideways,0.224250495433807,0.741351127624511,0.034398373216390006,0.741351127624511,24826.9,0.01400497041515436,1,0,-0.00168484205108399,-0.0,-0.189852122217417,4.810975814916392e-05,"(0.716, 0.808]"
2025-06-19,22718.65,-7.262228051552189e-05,0.525462174463556,sideways,sideways,0.039108514785766005,0.841706871986389,0.11918463557958602,0.841706871986389,24803.1,0.009240780386322811,1,0,-0.000958637606789492,-0.0,0.08007612079382001,0.00018199938408641078,"(0.808, 0.898]"
2025-06-20,23014.35,0.017609136853834,0.5435761663885661,sideways,sideways,0.046509988605976,0.9173067808151241,0.036183252930641,0.9173067808151241,25111.7,0.0006331709920075479,1,0,0.012441993137954688,0.0,-0.010326735675335,0.0009963065454307392,"(0.898, 0.988]"
2025-06-23,22988.95,0.009606854573082,0.595858740045706,sideways,sideways,0.35808002948760903,0.6066376566886901,0.03528232127428,0.6066376566886901,24993.3,0.004025078721097364,1,0,-0.004714933676334243,-0.0,-0.32279770821332904,4.868987380223923e-05,"(0.574, 0.716]"
2025-06-24,23126.3,0.009694707314144001,0.5860469817373021,sideways,sideways,0.278081327676773,0.697417974472045,0.024500673636794004,0.697417974472045,25071.7,0.00722328362257052,1,0,0.003136840673300556,0.0,-0.25358065403997904,-0.0010125649803717754,"(0.574, 0.716]"
2025-06-25,23289.6,0.020585148456278003,0.587817097168693,sideways,sideways,0.47276365756988503,0.50435322523117,0.022883119061589,0.50435322523117,25252.2,-0.006209359976556472,1,0,0.007199352257724945,0.0,-0.449880538508296,-0.0018256164541780911,"(0.344, 0.574]"
2025-06-26,23506.55,0.032079961713916,0.597312333808603,bear,bear,0.919285476207733,0.059615332633256,0.021099159494042,0.919285476207733,25549.0,-0.02734353595052641,0,-1,0.011753431384196267,0.0,-0.8981863167136911,-0.005287640040442523,"(0.898, 0.988]"
2025-06-27,23619.5,0.031763886189054,0.6185649580344721,bear,bear,0.9372115731239311,0.037295099347829,0.025493251159787,0.9372115731239311,25750.2,-0.04038803582108097,0,-1,0.007875063603272281,-0.007875063603272281,-0.9117183219641442,-0.007073274371709178,"(0.898, 0.988]"
2025-06-30,23608.5,0.036137651359879,0.620912765447167,bear,bear,0.929864287376403,0.04624081030488,0.023894878104329,0.929864287376403,25614.2,-0.030272270849763028,0,-1,-0.005281512376602904,0.005281512376602904,-0.905969409272074,0.004815251601429258,"(0.898, 0.988]"
2025-07-01,23611.45,0.034893174989645004,0.6113437915641841,bear,bear,0.9410704374313351,0.038391880691051004,0.020537659525871003,0.9410704374313351,25643.3,-0.030183322739273044,0,-1,0.0011360885758679995,-0.0011360885758679995,-0.9205327779054641,-0.0010292614959598835,"(0.898, 0.988]"
2025-07-02,23541.95,0.037001226766863,0.613250596635549,bear,bear,0.9393311142921441,0.042422205209732,0.018246721476316,0.9393311142921441,25546.1,-0.030444960287480227,0,-1,-0.0037904637858622303,0.0037904637858622303,-0.9210843928158281,0.0034892461583498208,"(0.898, 0.988]"
2025-07-03,23513.25,0.031131390782494002,0.6058775913914131,bear,bear,0.9264622330665581,0.053601432591676004,0.019936326891183003,0.9264622330665581,25508.6,-0.034553052695953435,0,-1,-0.0014679344400906347,0.0014679344400906347,-0.9065259061753751,0.0013520915024443248,"(0.898, 0.988]"
2025-07-04,23563.1,0.027039042834882003,0.612373269982693,bear,bear,0.9347313046455381,0.04620241001248301,0.019066270440816,0.9347313046455381,25540.1,-0.029248123539062143,0,-1,0.0012348776491066804,-0.0012348776491066804,-0.9156650342047221,-0.0011194485798721504,"(0.898, 0.988]"
2025-07-07,23542.95,0.016398927604681,0.606604716954931,bear,bear,0.9308835864067071,0.048628088086843005,0.02048828266561,0.9308835864067071,25538.9,-0.03254251357732718,0,-1,-4.6984937412064554e-05,4.6984937412064554e-05,-0.9103953037410971,4.3022464322524815e-05,"(0.898, 0.988]"
2025-07-08,23572.2,0.010387979348345,0.5809868815389031,bear,bear,0.9312551021575921,0.051122918725013004,0.017621953040361002,0.9312551021575921,25611.9,-0.03814633041672033,0,-1,0.0028583846602634466,-0.0028583846602634466,-0.9136331491172311,-0.0026022599709894334,"(0.898, 0.988]"
2025-07-09,23549.1,0.009380525283698002,0.5846031073684711,bear,bear,0.920428216457366,0.054958302527666,0.024613454937934,0.920428216457366,25558.8,-0.03464168896818309,0,-1,-0.0020732550103663705,0.0020732550103663705,-0.8958147615194321,0.0018941945040441047,"(0.898, 0.988]"
2025-07-10,23464.4,0.005819025104324,0.6420492309475561,bear,bear,0.931165277957916,0.046826370060443004,0.022008422762155002,0.931165277957916,25421.9,-0.038580908586691165,0,-1,-0.005356276507504143,0.005356276507504143,-0.9091568551957611,0.00479823156220196,"(0.898, 0.988]"
2025-07-11,23264.6,0.010770440593134001,0.6571839780467801,bear,bear,0.928069114685058,0.049954783171415,0.021976051852107003,0.928069114685058,25223.4,-0.023609029710506935,0,-1,-0.007808228338558432,0.007808228338558432,-0.906093062832951,0.007098904320934206,"(0.898, 0.988]"
2025-07-14,23311.15,0.016895067800565003,0.604321229130183,bear,bear,0.9071465134620661,0.06004038825631101,0.032813068479299004,0.9071465134620661,25167.5,-0.02434091586371312,0,-1,-0.0022161960719015994,0.0022161960719015994,-0.8743334449827671,0.002008079886627675,"(0.898, 0.988]"
2025-07-15,23461.1,0.016085094219500003,0.612382696323654,bear,bear,0.8744532465934751,0.09670477360486901,0.028841961175203,0.8744532465934751,25265.6,-0.02190329934772961,0,-1,0.0038978841760206606,-0.0038978841760206606,-0.8456112854182721,-0.0034080504997639587,"(0.808, 0.898]"
2025-07-16,23461.25,0.021617867344805003,0.6445893900003361,bear,bear,0.8171867728233331,0.138970628380775,0.043842621147632,0.8171867728233331,25245.8,-0.02222547908959105,0,-1,-0.0007836742448229517,0.0007836742448229517,-0.773344151675701,0.0006626837855139299,"(0.808, 0.898]"
2025-07-17,23409.6,0.021798151041893,0.6242322954069971,sideways,sideways,0.29611819982528603,0.6578261256217951,0.046055682003498,0.6578261256217951,25174.6,-0.008254351608367183,1,0,-0.002820271094597926,0.002820271094597926,-0.250062517821788,0.0021810401571473337,"(0.574, 0.716]"
2025-07-18,23269.05,0.024226791644749,0.6320968501724711,sideways,sideways,0.192510217428207,0.782683610916137,0.024806212633848003,0.782683610916137,25032.3,4.793806402125789e-05,1,0,-0.005652522780898228,-0.0,-0.167704004794359,0.001413484078636426,"(0.716, 0.808]"
2025-07-21,23382.7,0.016005231518596,0.6214441095946991,sideways,sideways,0.14359726011753002,0.8321599960327141,0.024242786690592003,0.8321599960327141,25127.6,-0.0017630016396312786,1,0,0.0038070812510235807,0.0,-0.11935447342693802,-0.0006384627723741729,"(0.808, 0.898]"
2025-07-22,23324.15,0.014580918223755,0.5387460485536361,sideways,sideways,0.013490836136043,0.950898647308349,0.035610534250736,0.950898647308349,25093.9,0.001139719214629853,1,0,-0.0013411547461753548,-0.0,0.022119698114693,0.00016007281851379817,"(0.898, 0.988]"
2025-07-23,23422.45,0.012805766594742002,0.545202784742582,sideways,sideways,0.023186502978205,0.9081312417984001,0.068682223558425,0.9081312417984001,25252.8,-0.014042007222961339,1,0,0.006332216195967799,0.0,0.04549572058022,0.00014006671065177738,"(0.898, 0.988]"
2025-07-24,23290.8,5.152514427053668e-05,0.5343213200918321,sideways,sideways,0.032918866723775,0.8656568527221681,0.10142423957586201,0.8656568527221681,25095.4,-0.004211927285478589,1,0,-0.006232972185262531,-0.0,0.06850537285208701,-0.00028357356092498736,"(0.808, 0.898]"
2025-07-25,23004.35,-0.021364258047225002,0.5456554445332911,sideways,sideways,0.022907111793756003,0.8970363736152641,0.080056548118591,0.8970363736152641,24850.4,-0.004784631233300085,1,0,-0.009762745363692149,-0.0,0.057149436324835004,-0.0006688005111997144,"(0.808, 0.898]"
2025-07-28,22837.85,-0.033093418573636,0.57411968549601,sideways,sideways,0.010866023600101,0.974563956260681,0.014570022933185002,0.974563956260681,24710.2,-0.008470186400757584,1,0,-0.005641760293596865,-0.0,0.003703999333084001,-0.00032242342065889646,"(0.898, 0.988]"
2025-07-29,23018.55,-0.024988881123324,0.568136880659863,sideways,sideways,0.023608069866895003,0.9625522494316101,0.013839748688042,0.9625522494316101,24838.8,-0.010882168220686994,1,0,0.005204328576863038,0.0,-0.009768321178853002,1.92768295778507e-05,"(0.898, 0.988]"
2025-07-30,23022.05,-0.024962465244616,0.624040760472376,sideways,sideways,0.038173869252204,0.9469475746154781,0.014878592453897001,0.9469475746154781,24869.3,-0.0048774995677400845,1,0,0.0012279176127671931,0.0,-0.023295276798307,-1.1994693622680392e-05,"(0.898, 0.988]"
2025-07-31,22906.55,-0.026990117641062003,0.62408411065822,sideways,sideways,0.039301574230194,0.9401468634605401,0.020551562309265,0.9401468634605401,24768.35,-0.003090637850321043,1,0,-0.004059221610580144,-0.0,-0.018750011920929,9.4560691004134e-05,"(0.898, 0.988]"
2025-08-01,22671.5,-0.035798964413681,0.6355478960294481,sideways,sideways,0.015046657994389001,0.970987856388092,0.013965445570647002,0.970987856388092,24627.2,0.007548564189189033,1,0,-0.0056988051283188845,-0.0,-0.0010812124237419996,0.0001068526640910304,"(0.898, 0.988]"
2025-08-04,22868.1,-0.029495270146967,0.6859808076715791,sideways,sideways,0.088664323091506,0.873170852661132,0.038164846599102006,0.873170852661132,24793.1,0.0013874828077167223,1,0,0.0067364540020788954,0.0,-0.050499476492403994,-7.283537759014216e-06,"(0.808, 0.898]"
2025-08-05,22796.25,-0.031716501118169003,0.734396595403354,sideways,sideways,0.11286353319883301,0.843427777290344,0.043708678334951005,0.843427777290344,24707.8,0.00566217955463455,1,0,-0.003440473357506746,-0.0,-0.06915485486388201,0.00017374210344015415,"(0.808, 0.898]"
2025-08-06,22655.75,-0.038878424584892005,0.759981020511547,sideways,sideways,0.15281973779201502,0.7843333482742311,0.062846988439559,0.7843333482742311,24634.9,0.010464828353271116,1,0,-0.0029504852718573726,-0.0,-0.08997274935245601,0.00020404038075331807,"(0.716, 0.808]"
2025-08-07,22720.75,-0.035175441948949004,0.7616220845810641,sideways,sideways,0.277587562799453,0.6189969778060911,0.10341550409793801,0.6189969778060911,24673.4,0.011222612205857185,1,0,0.0015628234740145963,0.0,-0.174172058701515,-0.00014061152470964982,"(0.574, 0.716]"
2025-08-08,22422.35,-0.044409829358517006,0.971624047855221,sideways,bull,0.270103842020034,0.48949396610260004,0.24040214717388103,0.48949396610260004,24441.1,0.025825351559463305,2,0,-0.00941499752770203,-0.0,-0.02970169484615298,0.0016398295020695365,"(0.344, 0.574]"
2025-08-11,22614.95,-0.027924400161618002,1.022777453496417,sideways,sideways,0.272631466388702,0.586372673511505,0.140995889902114,0.586372673511505,24627.9,0.01935203569934907,1,0,0.007642863864556038,0.0,-0.131635576486588,-0.00022700601025573292,"(0.574, 0.716]"
2025-08-12,22564.85,-0.032014722568384,1.053590718614204,sideways,bull,0.42077645659446705,0.30070805549621504,0.278515517711639,0.42077645659446705,24554.9,0.026475367441936237,2,0,-0.0029641179312892563,-0.0,-0.14226093888282804,0.00039018337265949387,"(0.344, 0.574]"
2025-08-13,22704.55,-0.032246996091402004,1.0757020567724531,sideways,sideways,0.43436509370803805,0.38442525267601,0.181209653615951,0.43436509370803805,24712.2,0.018310793858903773,1,0,0.006406053374275578,0.0,-0.253155440092087,-0.0009113311675579522,"(0.344, 0.574]"
2025-08-14,22659.95,-0.034154190420374,1.0677676833590901,sideways,bull,0.436426132917404,0.36131203174591003,0.20226182043552401,0.436426132917404,24684.7,0.026198414402443637,2,0,-0.0011128106765079249,-0.0,-0.23416431248188,0.0002817140765505368,"(0.344, 0.574]"
2025-08-18,22941.65,-0.019989662360740002,1.065548222709234,bear,sideways,0.6305464506149291,0.248492717742919,0.120960846543312,0.6305464506149291,24966.8,0.018288286844930113,1,-1,0.011428131595684787,0.0,-0.5095856040716171,-0.002676060578055978,"(0.574, 0.716]"
2025-08-19,23076.3,-0.008283535425812,1.16385818343563,sideways,sideways,0.150718510150909,0.8103364706039421,0.038945071399211,0.8103364706039421,25033.5,0.019070445602892283,1,0,0.0026715478154990535,-0.0026715478154990535,-0.11177343875169801,-0.0013613823073672943,"(0.808, 0.898]"
2025-08-20,23141.65,-0.010308903591116001,1.168353047513947,sideways,sideways,0.127854853868484,0.8273548483848571,0.044790297746658006,0.8273548483848571,25083.3,0.013072442621186342,1,0,0.001989334292048728,0.0,-0.08306455612182599,-0.00022235473464896101,"(0.808, 0.898]"
2025-08-21,23130.35,-0.008308984464600001,1.163229194737944,sideways,sideways,0.121343001723289,0.8355073332786561,0.043149661272764005,0.8355073332786561,25122.5,0.006177729127276432,1,0,0.0015627927744754633,0.0,-0.078193340450525,-0.00012981268812220127,"(0.808, 0.898]"
2025-08-22,22987.9,-0.018552713315643,1.171144905707473,sideways,sideways,0.15952591598033902,0.7939791679382321,0.046494960784912005,0.7939791679382321,24898.2,0.01436248403499052,1,0,-0.008928251567320133,-0.0,-0.11303095519542702,0.0006981298144313967,"(0.716, 0.808]"
2025-08-25,23054.05,-0.010164957837429002,1.1733008577627961,sideways,sideways,0.126984357833862,0.804628849029541,0.068386808037757,0.804628849029541,24989.7,0.004890014686050659,1,0,0.003674964455261831,0.0,-0.058597549796105,-0.0004153847426874869,"(0.716, 0.808]"
2025-08-26,22759.45,-0.010645812639783,1.168446250667884,sideways,sideways,0.08522967249155,0.8702723383903501,0.044498041272163,0.8702723383903501,24731.5,0.009550573155692188,1,0,-0.010332256889838631,-0.0,-0.040731631219387,0.0006054449376084682,"(0.808, 0.898]"
2025-08-28,22560.45,-0.012146502407187001,1.1360649479136269,sideways,sideways,0.143642023205757,0.8133301138877861,0.043027877807617,0.8133301138877861,24500.9,0.007714002342771087,1,0,-0.009324141277318287,-0.0,-0.10061414539814001,0.00037978748394519254,"(0.808, 0.898]"
2025-08-29,22468.75,-0.023885083986610003,1.137139852040809,sideways,sideways,0.24736365675926203,0.6587785482406611,0.093857750296592,0.6587785482406611,24568.5,0.004741844231434644,1,0,0.0027590823194250103,0.0,-0.15350590646267004,-0.00027760270965206536,"(0.574, 0.716]"
2025-09-01,22716.3,-0.013280746067357001,1.103323367176029,sideways,sideways,0.35371977090835505,0.5631643533706661,0.083115845918655,0.5631643533706661,24748.0,-0.005531760142233777,1,0,0.007306103343712511,0.0,-0.27060392498970004,-0.0011215300164865336,"(0.344, 0.574]"
2025-09-02,22718.85,-0.008194162804961,1.148805701074913,sideways,sideways,0.24784044921398102,0.669566214084625,0.082593321800231,0.669566214084625,24691.8,0.011153500352343748,1,0,-0.002270890577016349,-0.0,-0.16524712741375003,0.0006145119033627487,"(0.574, 0.716]"
2025-09-03,22867.1,0.008627572061839001,1.1441627902939029,sideways,sideways,0.18796944618225,0.763261020183563,0.04876952618360501,0.763261020183563,24813.1,0.007798300091483856,1,0,0.0049125620651389035,0.0,-0.139199919998645,-0.0008117867695059634,"(0.716, 0.808]"
2025-09-04,22826.0,-0.001840992474232,1.107164421320197,sideways,sideways,0.106363341212272,0.8663079738616941,0.027328696101903003,0.8663079738616941,24827.5,0.01441546672037064,1,0,0.0005803386114593412,0.0,-0.079034645110369,-8.078308828726502e-05,"(0.808, 0.898]"
2025-09-05,22837.35,0.0018029281131760001,1.078799598543312,sideways,sideways,0.12693738937377902,0.839945614337921,0.033117052167654,0.839945614337921,24847.7,0.01519657755043724,1,0,0.0008136139361596406,0.0,-0.09382033720612501,-6.430368870122762e-05,"(0.808, 0.898]"
2025-09-08,22892.65,0.010456506626353002,1.093473085099183,sideways,sideways,0.12218787521123801,0.8417674899101251,0.036044582724571006,0.8417674899101251,24892.7,0.009147260040092142,1,0,0.001811032811890101,0.0,-0.08614329248666701,-0.00016991170910288602,"(0.808, 0.898]"
2025-09-09,22956.7,0.010384780431984,1.083305798583361,sideways,sideways,0.23752677440643302,0.698158323764801,0.06431490182876501,0.698158323764801,24950.3,0.012965775962613613,1,0,0.002313931393540969,0.0,-0.173211872577668,-0.00019932966882788065,"(0.574, 0.716]"
2025-09-10,23079.75,0.029318960769054003,1.081101440046423,sideways,sideways,0.18590275943279203,0.744106411933898,0.06999085098505001,0.744106411933898,25072.3,0.013508932168169618,1,0,0.00488972076488059,0.0,-0.11591190844774202,-0.000846957690066874,"(0.716, 0.808]"
2025-09-11,23104.65,0.021653817496832,0.9700613942679631,sideways,sideways,0.27447685599327004,0.562669038772583,0.162854135036468,0.562669038772583,25104.5,0.008157899978091576,1,0,0.0012842858453352424,0.0,-0.11162272095680204,-0.00014886402332522957,"(0.344, 0.574]"
2025-09-12,23184.25,0.027449772544466,0.970763507704636,sideways,sideways,0.363124400377273,0.41902914643287603,0.21784640848636602,0.41902914643287603,25205.0,3.967466772469841e-05,1,0,0.0040032663466709195,0.0,-0.14527799189090698,-0.0004468554823302044,"(0.344, 0.574]"
2025-09-15,23219.7,0.022689284746890002,0.9679238830724851,sideways,sideways,0.189597055315971,0.7080229520797731,0.10238000750541601,0.7080229520797731,25164.7,0.010335907044391579,1,0,-0.001598889109303725,-0.0,-0.087217047810555,0.00023228339905588603,"(0.574, 0.716]"
2025-09-16,23380.0,0.031776327838322,0.9612837644244131,sideways,sideways,0.257426708936691,0.598313212394714,0.144260048866271,0.598313212394714,25331.4,0.012818083485318432,1,0,0.006624358724721668,0.0,-0.11316666007042,-0.0005777570116083169,"(0.574, 0.716]"
2025-09-17,23442.5,0.021831472452940003,0.9725437378837781,sideways,sideways,0.264269411563873,0.562968373298645,0.17276220023632002,0.562968373298645,25423.4,0.01315323678186231,1,0,0.003631856115335008,0.0,-0.09150721132755299,-0.000411005026428793,"(0.344, 0.574]"
2025-09-18,23518.15,0.019147350311791003,0.8869449002215061,sideways,sideways,0.45299106836318903,0.410771757364273,0.136237233877182,0.45299106836318903,25510.9,0.01584420777001183,1,0,0.0034417111794646793,0.0,-0.316753834486007,-0.00031494139222767607,"(0.344, 0.574]"
2025-09-19,23512.9,0.016042503451568,0.8866656558458911,sideways,sideways,0.40724909305572504,0.32788652181625305,0.264864414930343,0.40724909305572504,25411.2,0.019483534819292325,1,0,-0.003908133386121282,-0.0,-0.14238467812538202,0.0012379162357366988,"(0.344, 0.574]"
2025-09-22,23380.7,0.010823441928029,0.9174945240648611,bull,bull,0.20697104930877602,0.24299284815788202,0.5500361323356621,0.5500361323356621,25277.7,0.02766074445064226,2,1,-0.0052535889686436965,-0.0,0.34306508302688604,0.0007480305743033904,"(0.344, 0.574]"
2025-09-23,23333.85,0.015049221546987,0.939545231487337,bull,bull,0.26447808742523105,0.18420208990573803,0.551319777965545,0.551319777965545,25255.8,0.022133529723865397,2,1,-0.0008663762921469198,-0.0008663762921469198,0.28684169054031394,-0.00029722345459790874,"(0.344, 0.574]"
2025-09-24,23176.2,0.005298418282254001,0.9155083887937231,bull,bull,0.294577717781066,0.06807654350996001,0.637345731258392,0.637345731258392,25111.9,0.03590329684332927,2,1,-0.005697701122118426,-0.005697701122118426,0.342768013477326,-0.0016343382220618931,"(0.574, 0.716]"
2025-09-25,23026.9,0.011751162703844001,0.9525022435795011,sideways,bull,0.47032344341278004,0.082087308168411,0.44758918881416304,0.47032344341278004,24967.7,0.03879011683094569,2,0,-0.0057422974764952395,-0.0057422974764952395,-0.022734254598617,-0.0019682758988141353,"(0.344, 0.574]"
2025-09-26,22727.0,0.007382388205908001,0.861130256315303,bull,bull,0.19565549492835901,0.27023339271545405,0.5341110825538631,0.5341110825538631,24689.9,0.06273010421265379,2,1,-0.01112637527685767,-0.0,0.3384555876255041,0.00025294984830383997,"(0.344, 0.574]"
2025-09-29,22766.2,0.013238386648122002,0.912196991208531,sideways,bull,0.45855155587196306,0.16667267680168102,0.37477573752403204,0.45855155587196306,24685.0,0.05455134697184527,2,0,-0.00019846171916459987,-0.00019846171916459987,-0.08377581834793102,-6.717047778102242e-05,"(0.344, 0.574]"
2025-09-30,22749.95,0.0014813151789680001,0.8961726994794971,sideways,bull,0.393703967332839,0.163914456963539,0.44238159060478205,0.44238159060478205,24611.1,0.052594154670047244,2,0,-0.0029937208831274376,-0.0,0.04867762327194303,0.00025080141688929185,"(0.344, 0.574]"
2025-10-01,22941.3,0.009791428703477,0.8042869870590731,sideways,bull,0.35810205340385404,0.16260820627212502,0.47928977012634205,0.47928977012634205,24967.2,0.03731695985132499,2,0,0.014469081024415908,0.0,0.12118771672248801,0.0007043204751977371,"(0.344, 0.574]"
2025-10-03,23027.5,0.007014444332687,0.845366029750907,sideways,bull,0.42476794123649503,0.19617474079132002,0.379057317972183,0.42476794123649503,25006.6,0.028060592003711138,2,0,0.0015780704284020786,0.0,-0.04571062326431202,0.0001912427520453264,"(0.344, 0.574]"
2025-10-06,23163.15,0.014770437220713,0.8212860920039781,sideways,sideways,0.24208016693592002,0.541747391223907,0.216172412037849,0.541747391223907,25185.4,0.01754190920136267,1,0,0.0071501123703343605,0.0,-0.02590775489807101,-0.000326836092857851,"(0.344, 0.574]"
2025-10-07,23212.45,0.016424847891721002,0.834081543587727,sideways,sideways,0.318259179592132,0.45706874132156305,0.22467207908630302,0.45706874132156305,25225.3,0.014425992951520916,1,0,0.0015842511931514203,0.0,-0.093587100505829,-4.104439160914355e-05,"(0.344, 0.574]"
2025-10-08,23089.35,0.008592277434023,0.83458350356174,sideways,bull,0.12663979828357602,0.7713437080383301,0.10201652348041501,0.7713437080383301,25120.4,0.02285393544688774,2,0,-0.004158523387234103,-0.0,-0.02462327480316101,0.00038918414619691844,"(0.716, 0.808]"
2025-10-09,23235.35,0.012138068624845,0.8547749352113531,sideways,bull,0.14340777695178902,0.7335910797119141,0.12300112098455401,0.7335910797119141,25273.8,0.02127103957457921,2,0,0.006106590659384237,0.0,-0.02040665596723501,-0.00015036425991643427,"(0.716, 0.808]"
2025-10-10,23329.95,0.010840672017677001,0.868264078324763,sideways,bull,0.414401918649673,0.37588128447532604,0.20971678197383803,0.414401918649673,25411.0,0.022631931053480825,2,0,0.005428546558095659,0.0,-0.204685136675835,-0.00011077848201317586,"(0.344, 0.574]"
2025-10-13,23299.05,0.008413890710311001,0.8593058979301721,sideways,bull,0.22018365561962103,0.604464530944824,0.175351753830909,0.604464530944824,25309.3,0.025464947667458215,2,0,-0.004002203770020918,-0.0,-0.04483190178871202,0.0008191916256712736,"(0.574, 0.716]"
2025-10-14,23158.9,-0.001093414710417,0.874617582906243,sideways,bull,0.20905408263206401,0.664705216884613,0.126240715384483,0.664705216884613,25206.0,0.029572324049829568,2,0,-0.004081503637002992,-0.0,-0.08281336724758101,0.00018298157020438905,"(0.574, 0.716]"
2025-10-15,23382.8,0.007024207892436,0.8891256350921001,sideways,bull,0.212298855185508,0.595674037933349,0.19202712178230202,0.595674037933349,25424.8,0.024987413863629238,2,0,0.008680472903277003,0.0,-0.020271733403205983,-0.0007188591904217542,"(0.574, 0.716]"
2025-10-16,23548.9,0.007224123182206001,0.9408806820572321,sideways,sideways,0.127860873937606,0.819432079792022,0.052707083523273,0.819432079792022,25656.1,0.011408592888241031,1,0,0.009097416695509786,0.0,-0.07515379041433301,-0.00018442040590924952,"(0.808, 0.898]"
2025-10-17,23593.5,0.0064412925242610004,0.9328429923348751,sideways,sideways,0.081488013267517,0.8701704740524291,0.048341475427150005,0.8701704740524291,25757.8,0.012159423553253834,1,0,0.003963969582282623,0.0,-0.033146537840367,-0.0002979073391956594,"(0.808, 0.898]"
2025-10-20,23724.8,0.008786830596794,0.9312450669562,sideways,sideways,0.067523829638957,0.8818367719650261,0.050639379769563,0.8818367719650261,25915.1,0.011796211475163076,1,0,0.006106888010622091,0.0,-0.016884449869394004,-0.0002024221945309687,"(0.808, 0.898]"
2025-10-21,23759.2,0.010475100902058,0.945749540274845,sideways,sideways,0.11019828915596001,0.807607531547546,0.08219414204359,0.807607531547546,25906.3,0.006608431153811933,1,0,-0.0003395703663114924,-0.0,-0.02800414711237001,5.733458827118152e-06,"(0.716, 0.808]"
2025-10-23,23741.15,0.015416561522965002,0.9499545043601371,sideways,sideways,0.11311012506484901,0.7791591882705681,0.10773066431283901,0.7791591882705681,25976.9,0.0007506669387031817,1,0,0.002725205837962319,0.0,-0.0053794607520099985,-7.631706519778636e-05,"(0.716, 0.808]"
2025-10-24,23689.5,0.015241805360024,0.92633711463786,sideways,sideways,0.142714112997055,0.742280840873718,0.11500498652458101,0.742280840873718,25814.8,0.002711622790027457,1,0,-0.006240159526348488,-0.0,-0.02770912647247399,3.3568693258272994e-05,"(0.716, 0.808]"
2025-10-27,23844.05,0.028816199376946003,0.928921802165911,sideways,sideways,0.23325778543949102,0.590356945991516,0.176385283470153,0.590356945991516,26013.5,0.014134968381801727,1,0,0.007697134976835107,0.0,-0.05687250196933802,-0.00021328088654882715,"(0.574, 0.716]"
2025-10-28,23830.35,0.034891800459462004,0.906782904686348,sideways,sideways,0.262968301773071,0.49267992377281106,0.24435175955295502,0.49267992377281106,25936.2,0.017531481095919954,1,0,-0.0029715340111864386,-0.0,-0.018616542220115995,0.00016899857390315564,"(0.344, 0.574]"
2025-10-29,23965.9,0.054512254147049,0.89594862674548,sideways,sideways,0.10331282019615101,0.590594470500946,0.306092709302902,0.590594470500946,26238.7,0.00566720150007427,1,0,0.011663235169377062,0.0,0.202779889106751,-0.0002171291099538498,"(0.574, 0.716]"
2025-10-30,23847.45,0.047493652871361,0.7203673563330011,sideways,sideways,0.171229228377342,0.6488490700721741,0.179921746253967,0.6488490700721741,26031.6,0.011643540927180895,1,0,-0.007892921524313423,-0.0,0.008692517876625006,-0.001600525751428564,"(0.574, 0.716]"
2025-10-31,23715.25,0.042430862485411,0.773345380549703,sideways,sideways,0.202913403511047,0.594587385654449,0.202499166131019,0.594587385654449,25905.5,0.011870066202157803,1,0,-0.004844112540143497,-0.0,-0.00041423738002799304,-4.210753485158071e-05,"(0.574, 0.716]"
2025-11-03,23817.05,0.038173512399035006,0.8107530001530351,sideways,sideways,0.22914496064186002,0.537614166736602,0.23324090242385803,0.537614166736602,25898.9,0.009162551305267774,1,0,-0.00025477215263158826,-0.0,0.004095941781998014,1.0553614901020107e-07,"(0.344, 0.574]"
2025-11-04,23664.75,0.027673433937683,0.7821865466455711,sideways,sideways,0.236108064651489,0.562316536903381,0.20157541334629,0.562316536903381,25708.3,0.018600996565311556,1,0,-0.007359385919865402,-0.0,-0.034532651305199,-3.0143616279024587e-05,"(0.344, 0.574]"
2025-11-06,23510.75,0.015006594526219,0.845749292632291,sideways,bull,0.30532830953598,0.389121145009994,0.30555051565170205,0.389121145009994,25627.2,0.027548854342261286,2,0,-0.00315462321507054,-0.0,0.00022220611572204563,0.00010893750348531676,"(0.344, 0.574]"
2025-11-07,23530.65,0.013708160922263,0.8762431614478731,sideways,sideways,0.11383339017629601,0.7387033104896541,0.14746330678462902,0.7387033104896541,25589.2,0.018582058055742312,1,0,-0.0014827995255041193,-0.0,0.033629916608333005,-3.294871229567627e-07,"(0.716, 0.808]"
2025-11-10,23592.8,0.021804424983812003,0.8773153690407901,sideways,sideways,0.05106268450617701,0.876689255237579,0.07224810123443601,0.876689255237579,25694.5,0.0103407343984121,1,0,0.00411501727291208,0.0,0.021185416728259,0.00013838768772988318,"(0.808, 0.898]"
2025-11-11,23688.75,0.019513370790627,0.856857273187115,sideways,sideways,0.045206915587186,0.892773926258087,0.06201915070414501,0.892773926258087,25811.4,0.0020339849833794776,1,0,0.00454961178462332,0.0,0.016812235116959007,9.638542160904316e-05,"(0.808, 0.898]"
2025-11-12,23828.5,0.021369527152865,0.8389564157290461,sideways,sideways,0.05380751565098701,0.8951085209846491,0.051083948463201,0.8951085209846491,25986.1,0.0009004814112161252,1,0,0.006768327173264366,0.0,-0.002723567187786005,0.00011379070778542305,"(0.808, 0.898]"
2025-11-13,23817.45,0.022249834220708,0.8894217309991931,sideways,sideways,0.05782249942421901,0.8915349245071411,0.050642568618059006,0.8915349245071411,25953.8,0.007382348634882074,1,0,-0.0012429722043707514,-0.0,-0.007179930806160001,3.385318311154219e-06,"(0.808, 0.898]"
2025-11-14,23842.5,0.029517809567811002,0.900267246165919,sideways,sideways,0.045867912471294,0.9112025499343871,0.042929507791996,0.9112025499343871,25951.4,0.0060613300245844215,1,0,-9.247200795248212e-05,-0.0,-0.0029384046792979984,6.63942618605499e-07,"(0.898, 0.988]"
2025-11-17,23957.55,0.024580033186786,0.852935129172073,sideways,sideways,0.05819218978285701,0.8832769989967341,0.05853081122040701,0.8832769989967341,26060.1,-0.004581716877525288,1,0,0.004188598688317224,0.0,0.00033862143755000046,-1.230779798545279e-05,"(0.808, 0.898]"
2025-11-18,23815.5,0.011321123279643,0.797405257340828,sideways,sideways,0.056429855525493004,0.8358324170112611,0.107737705111503,0.8358324170112611,25948.8,-0.0019654088050314877,1,0,-0.004270896888346476,-0.0,0.05130784958601,-1.4462172439597076e-06,"(0.808, 0.898]"
2025-11-19,23901.4,0.013050204505478,0.796337651775585,sideways,sideways,0.047729644924402,0.880411863327026,0.071858525276184,0.880411863327026,26071.0,-0.007303133750143909,1,0,0.004709273646565482,0.0,0.024128880351781998,0.00024162270391734256,"(0.808, 0.898]"
2025-11-20,23977.85,0.010666054086862001,0.833781012494724,sideways,sideways,0.033266674727201004,0.9264617562294001,0.040271554142236,0.9264617562294001,26220.8,-0.007276665853063191,1,0,0.0057458478769514265,0.0,0.007004879415034998,0.00013864087594250157,"(0.898, 0.988]"
2025-11-21,23783.3,0.001014343917303,0.8194948542705941,sideways,sideways,0.027910578995943004,0.9266169071197511,0.045472543686628,0.9266169071197511,26077.5,0.004617006998370199,1,0,-0.005465126922138075,-0.0,0.017561964690684998,-3.828255507743858e-05,"(0.898, 0.988]"
2025-11-24,23656.05,-0.003584493590243,0.873837729420572,sideways,sideways,0.023588772863149,0.9408903121948241,0.035520944744348006,0.9408903121948241,25996.4,0.008097275007308724,1,0,-0.003109960694084868,-0.0,0.011932171881199004,-5.461701989893666e-05,"(0.898, 0.988]"
2025-11-25,23640.0,-0.002089533337554,0.8922863028407491,sideways,sideways,0.028927406296133003,0.920453369617462,0.050619214773178,0.920453369617462,25884.8,0.011137810606997034,1,0,-0.004292902094136242,-0.0,0.021691808477045,-5.1223645656392785e-05,"(0.898, 0.988]"
2025-11-26,23951.25,0.004495880523652,0.8992639634953311,sideways,sideways,0.040921445935964,0.906598269939422,0.052480276674032,0.906598269939422,26381.2,-0.01216775582611862,1,0,0.019177277784645952,0.0,0.011558830738068002,0.00041598983681562983,"(0.898, 0.988]"
2025-11-27,23949.4,0.004995730234763,0.974001624557679,sideways,sideways,0.09032991528511,0.8611763715744011,0.048493690788745006,0.8611763715744011,26390.9,-0.01643369494787983,1,0,0.000367686079480789,0.0,-0.041836224496364996,4.2500211574622584e-06,"(0.808, 0.898]"
2025-11-28,23933.75,-0.001341489366141,1.0238932858211,sideways,sideways,0.17941151559352803,0.7412731647491451,0.07931534200906701,0.7412731647491451,26387.4,-0.016998643291874282,1,0,-0.00013262147179515793,-0.0,-0.10009617358446102,5.548381667060566e-06,"(0.716, 0.808]"
2025-12-01,23918.55,0.0029814508469450003,1.024733323820346,sideways,sideways,0.17725196480751002,0.73818290233612,0.08456514775753,0.73818290233612,26334.7,-0.001458152171849414,1,0,-0.0019971653137482726,-0.0,-0.09268681704998001,0.00019990860592181164,"(0.716, 0.808]"
2025-12-02,23834.6,0.005032626685360001,1.009527021177561,sideways,sideways,0.07715895771980201,0.8220196962356561,0.100821375846862,0.8220196962356561,26213.0,0.0029527333765688724,1,0,-0.004621279148803725,-0.0,0.023662418127059992,0.00042833165500205824,"(0.808, 0.898]"
2025-12-03,23716.75,-0.004211268817926,1.018337779579321,sideways,sideways,0.029588883742690003,0.922448575496673,0.047962550073862006,0.922448575496673,26136.2,0.012212946028879568,1,0,-0.002929843970548962,-0.0,0.018373666331172003,-6.932719307817517e-05,"(0.898, 0.988]"
2025-12-04,23723.8,0.0024952725044630002,1.014129963672546,sideways,sideways,0.054333798587322006,0.873709321022033,0.071956925094127,0.873709321022033,26186.5,0.005529566761499183,1,0,0.0019245337883855296,0.0,0.017623126506804997,3.536074167086211e-05,"(0.808, 0.898]"
2025-12-05,23828.55,0.013517220845783,0.9857663406236081,sideways,sideways,0.035088919103145,0.910252332687377,0.054658699780702,0.910252332687377,26333.2,-0.0018265915270457844,1,0,0.005602123231436051,0.0,0.019569780677557,9.872692641430874e-05,"(0.898, 0.988]"
2025-12-08,23503.3,-0.0011623138332340001,0.951088383523321,sideways,sideways,0.028404079377651003,0.91568773984909,0.055908232927322006,0.91568773984909,26064.7,0.0065452508565224665,1,0,-0.010196254158248874,-0.0,0.027504153549671003,-0.00019953845760955902,"(0.898, 0.988]"
2025-12-09,23512.55,-0.0034014614628190003,1.066174368665889,sideways,sideways,0.152525216341018,0.8132358193397521,0.034238927066326,0.8132358193397521,25960.2,0.0009784208133989392,1,0,-0.0040092538951148615,-0.0,-0.11828628927469201,-0.00011027113475085571,"(0.808, 0.898]"
2025-12-10,23391.35,-0.012554482613054,1.061438838953679,sideways,sideways,0.19149990379810303,0.758456051349639,0.050044048577547004,0.758456051349639,25863.9,-0.0029229930520919822,1,0,-0.0037095245799338983,-0.0,-0.14145585522055604,0.00043878589753364145,"(0.716, 0.808]"
2025-12-11,23549.45,-0.011710766519084,1.05656347663038,sideways,sideways,0.17421892285346902,0.7943041324615471,0.031476967036724,0.7943041324615471,26009.5,-0.005132739960399091,1,0,0.005629468100325052,0.0,-0.142741955816745,-0.0007963212245683192,"(0.716, 0.808]"
2025-12-12,23715.05,-0.0042993687401460005,1.061294558913669,sideways,sideways,0.21006514132022802,0.7626596093177791,0.027275292202830002,0.7626596093177791,26145.4,-0.013562615221033192,1,0,0.005225013937215195,0.0,-0.182789849117398,-0.0007458287085678482,"(0.716, 0.808]"
2025-12-15,23714.1,-0.005385341302296001,1.090889608129934,sideways,sideways,0.18142497539520203,0.7975580096244811,0.021017026156187002,0.7975580096244811,26108.7,-0.014926059129715452,1,0,-0.0014036886029664686,-0.0,-0.16040794923901502,0.000256580027944052,"(0.716, 0.808]"
2025-12-16,23550.85,-0.016975859384619003,1.092441769606904,sideways,sideways,0.13195973634719801,0.8527275323867791,0.015312769450247002,0.8527275323867791,25940.7,-0.007293557999591416,1,0,-0.006434636730285326,-0.0,-0.11664696689695102,0.0010321668820031102,"(0.808, 0.898]"
2025-12-17,23486.9,-0.013797736768071,1.086459099503125,sideways,sideways,0.251950532197952,0.7267153859138481,0.021334078162908002,0.7267153859138481,25897.8,-0.011653499525056121,1,0,-0.0016537718720004424,-0.0,-0.230616454035044,0.00019290747280834432,"(0.716, 0.808]"
2025-12-18,23490.85,-0.017176818094337,1.079925955625638,bear,bear,0.7994748950004571,0.14767612516880002,0.05284899100661201,0.7994748950004571,25880.6,-0.024010262513233793,0,-1,-0.0006641490783001469,-0.0,-0.7466259039938451,0.00015316370538822266,"(0.716, 0.808]"
2025-12-19,23670.35,-0.012824335793242,1.068031086901603,bear,bear,0.7887627482414241,0.14993734657764402,0.061299853026866004,0.7887627482414241,26030.0,-0.0327237802535536,0,-1,0.005772663694041169,-0.005772663694041169,-0.7274628952145581,-0.004310020249015937,"(0.716, 0.808]"
2025-12-22,23856.7,0.0030861991397320002,1.0953625910881,bear,bear,0.7637219429016111,0.162938758730888,0.073339328169822,0.7637219429016111,26197.9,-0.03237282377595163,0,-1,0.006450249711871026,-0.006450249711871026,-0.6903826147317891,-0.0046923173302545656,"(0.716, 0.808]"
2025-12-23,23883.75,0.009625444653693001,1.080521231707554,bear,bear,0.8266633749008171,0.09839259088039301,0.07494401186704601,0.8266633749008171,26206.9,-0.04300775749897934,0,-1,0.00034353898594918775,-0.00034353898594918775,-0.7517193630337711,-0.0002371733433819076,"(0.808, 0.898]"
2025-12-24,23843.75,0.008618866328257,1.067023445648158,bear,bear,0.8269209861755371,0.098488464951515,0.074590519070625,0.8269209861755371,26173.1,-0.0381192904164962,0,-1,-0.0012897366724031745,0.0012897366724031745,-0.7523304671049121,0.0009695200298602098,"(0.808, 0.898]"
2025-12-26,23782.7,-0.0070372110015130005,1.069864790550555,bear,bear,0.8379521965980531,0.093669779598712,0.068378023803234,0.8379521965980531,26060.2,-0.023399666925042806,0,-1,-0.004313589143051355,0.004313589143051355,-0.7695741727948191,0.003245244534890504,"(0.808, 0.898]"
2025-12-29,23679.35,-0.01127585659766,0.9488140103496351,sideways,sideways,0.402669340372085,0.432239651679992,0.165091037750244,0.432239651679992,25957.2,-0.0162151541768758,1,0,-0.003952387165102378,0.003952387165102378,-0.23757830262184101,0.0030416550831485227,"(0.344, 0.574]"
2025-12-30,23697.95,-0.009852196166501001,0.9684012017887491,bear,bear,0.776205360889434,0.112388804554939,0.11140587925910901,0.776205360889434,25938.85,-0.020141602268411996,0,-1,-0.0007069329511658617,-0.0,-0.664799481630325,0.00016795193060543424,"(0.716, 0.808]"
2025-12-31,23872.95,-0.0019064700828430002,1.023555933722389,bear,bear,0.7821074128150941,0.08874519169330501,0.129147365689277,0.7821074128150941,26296.3,-0.0548670345257698,0,-1,0.013780487569803546,-0.013780487569803546,-0.6529600471258171,-0.009161260993018535,"(0.716, 0.808]"
2026-01-01,23907.8,0.0030711654485490003,1.060978656648498,bear,bear,0.783019721508026,0.12437241524457901,0.09260778874158801,0.783019721508026,26290.4,-0.043688951100021356,0,-1,-0.00022436616558219047,0.00022436616558219047,-0.690411932766438,0.00014650214205198597,"(0.716, 0.808]"
2026-01-02,24104.0,0.016328122529436002,1.052490213502956,bear,bear,0.772518754005432,0.12972764670848802,0.097753562033176,0.772518754005432,26455.4,-0.024127399321121734,0,-1,0.006276055137997227,-0.006276055137997227,-0.674765191972256,-0.004333063357973399,"(0.716, 0.808]"
2026-01-05,24050.35,0.013764658275655001,1.079274904704443,sideways,sideways,0.21564918756484902,0.720921635627746,0.06342918425798401,0.720921635627746,26331.3,-0.018324199716686973,1,0,-0.004690913764297755,0.004690913764297755,-0.15222000330686503,0.003165265326691673,"(0.716, 0.808]"
2026-01-06,24005.6,0.0074301625571,1.086460209607865,sideways,bear,0.137297868728637,0.7896325588226311,0.07306956499814901,0.7896325588226311,26285.1,-0.021308650147802366,0,0,-0.001754565858882784,-0.0,-0.06422830373048799,0.00026708002084124984,"(0.716, 0.808]"
2026-01-07,24013.2,0.021694825832968,1.085479160606349,sideways,sideways,0.19066205620765603,0.725280225276947,0.08405766636133101,0.725280225276947,26235.3,-0.01906591500764243,1,0,-0.001894609493591437,-0.0,-0.10660438984632502,0.00012168755400505685,"(0.716, 0.808]"
2026-01-08,23664.55,0.006464632717421001,0.895764968122276,sideways,sideways,0.128241151571273,0.7332125902175901,0.138546243309974,0.7332125902175901,25985.6,-0.002701496213287302,1,0,-0.009517710870468488,-0.0,0.010305091738701005,0.0010146297600800282,"(0.716, 0.808]"
2026-01-09,23479.55,0.0037706246112340002,1.047605273377811,sideways,sideways,0.250723540782928,0.690864562988281,0.058411926031112005,0.690864562988281,25788.3,0.007650756350748189,1,0,-0.007592666707714968,-0.0,-0.19231161475181602,-7.824312696438367e-05,"(0.574, 0.716]"
2026-01-12,23526.85,-0.000959682710211,1.066843759317005,sideways,sideways,0.29623568058013905,0.6530910134315491,0.050673313438892004,0.6530910134315491,25876.0,0.004567939403308019,1,0,0.0034007670144988733,0.0,-0.24556236714124705,-0.0006540069959529908,"(0.574, 0.716]"
2026-01-13,23464.05,-0.010583996238675002,1.038762751242635,sideways,sideways,0.235811233520507,0.7187258601188661,0.045462910085916006,0.7187258601188661,25790.8,0.002613334987670024,1,0,-0.0032926263719277316,-0.0,-0.19034832343459102,0.0008085451260022698,"(0.716, 0.808]"
2026-01-14,23475.95,-0.010042548525982001,0.9994133072805951,sideways,sideways,0.29755362868309004,0.648380994796752,0.05406535416841501,0.648380994796752,25719.0,-0.007784128465336937,1,0,-0.0027839384586751947,-0.0,-0.24348827451467503,0.0005299180181539027,"(0.574, 0.716]"
2026-01-16,23481.0,-0.0029659226737030002,1.010549852638112,sideways,sideways,0.29635652899742104,0.6536875963211061,0.04995585232973,0.6536875963211061,25751.5,-0.001331961244976032,1,0,0.0012636572183988282,0.0,-0.24640067666769105,-0.0003076857156859445,"(0.574, 0.716]"
2026-01-19,23345.15,-0.006035279240768,0.999860818025715,sideways,sideways,0.23625524342060003,0.6745702028274531,0.08917453885078401,0.6745702028274531,25596.0,0.0056024378809189646,1,0,-0.006038483195153654,-0.0,-0.14708070456981603,0.0014878863453323416,"(0.574, 0.716]"
2026-01-20,22937.55,-0.023553851818899,1.026556124909825,sideways,bull,0.22350172698497703,0.6510738134384151,0.125424474477767,0.6510738134384151,25259.2,0.022510609995565867,2,0,-0.013158305985310204,-0.0,-0.09807725250721003,0.0019353329152646522,"(0.574, 0.716]"
2026-01-21,22846.4,-0.034809371217577004,1.149827576444403,sideways,sideways,0.129337608814239,0.761420786380767,0.10924162715673401,0.761420786380767,25178.2,0.010636185271385434,1,0,-0.0032067523912079343,-0.0,-0.020095981657504994,0.00031450946400060013,"(0.716, 0.808]"
2026-01-22,23031.0,-0.034610822117057,1.106661984226027,sideways,sideways,0.08562753349542601,0.8664340972900391,0.047938372939825,0.8664340972900391,25349.8,0.009266345296609968,1,0,0.006815419688460667,0.0,-0.03768916055560101,-0.00013696254904750396,"(0.808, 0.898]"
2026-01-23,22721.6,-0.048658606793321006,1.090142493061346,sideways,bull,0.17301538586616502,0.6388868689537041,0.188097760081291,0.6388868689537041,25079.8,0.024936403001618812,2,0,-0.010650971605298709,-0.0,0.015082374215125982,0.00040142617890525045,"(0.574, 0.716]"
2026-01-27,22878.4,-0.040486500655307005,1.124164612390439,sideways,sideways,0.154959648847579,0.8121810555458061,0.032859284430742,0.8121810555458061,25175.4,0.009900537826608602,1,0,0.003811832630244316,0.0,-0.12210036441683701,5.7491486174772725e-05,"(0.808, 0.898]"
2026-01-28,23094.25,-0.02894751226732,1.1584518177740981,sideways,sideways,0.22220502793788902,0.755530774593353,0.022264225408434,0.755530774593353,25450.4,0.007009713010404539,1,0,0.010923361694352485,0.0,-0.199940802529455,-0.0013337464435373566,"(0.716, 0.808]"
2026-01-29,23135.3,-0.022975715127315003,1.213303839277494,bear,sideways,0.513085544109344,0.40613624453544606,0.08077822625637,0.513085544109344,25536.3,0.0038964141242074923,1,-1,0.003375192531354987,0.0,-0.43230731785297405,-0.0006748387034105388,"(0.344, 0.574]"
2026-01-30,23065.5,-0.026687962460888,1.211593835649774,bear,sideways,0.537266194820404,0.33701130747795105,0.125722482800483,0.537266194820404,25416.4,-0.0029665885019122262,1,-1,-0.004695276919522318,0.004695276919522318,-0.411543712019921,0.0020298025716556675,"(0.344, 0.574]"
2026-02-01,22566.5,-0.054725117758802004,1.2199258295547821,sideways,sideways,0.16081312298774703,0.7509214282035821,0.088265441358089,0.7509214282035821,24853.5,0.005178345102299531,1,0,-0.022147117609102818,0.022147117609102818,-0.07254768162965802,0.009114506991391932,"(0.716, 0.808]"
2026-02-02,22849.05,-0.044284710429232,1.261193901754283,bear,bear,0.8175586462020871,0.079249493777751,0.10319181531667701,0.8175586462020871,25141.8,-0.022158318020189416,0,-1,0.011599975858531009,0.0,-0.7143668308854101,-0.0008415513554964266,"(0.808, 0.898]"
2026-02-03,23436.3,-0.027700796548290003,1.3130163486675621,bear,bear,0.924101412296295,0.031804520636796,0.044094063341617,0.924101412296295,25817.1,-0.03815688051717658,0,-1,0.02685965205355223,-0.02685965205355223,-0.880007348954678,-0.019187644516180904,"(0.898, 0.988]"
2026-02-04,23505.9,-0.022637924188213,1.399287028557733,bear,bear,0.911772489547729,0.029560239985585,0.058667208999395,0.911772489547729,25848.8,-0.05041239825446442,0,-1,0.0012278683508217814,-0.0012278683508217814,-0.853105280548334,-0.0010805331722720283,"(0.898, 0.988]"
2026-02-05,23404.95,-0.025021245042823003,1.410009034173241,bear,bear,0.9248718619346611,0.032650738954544005,0.042477451264858,0.9248718619346611,25725.0,-0.06229348882410102,0,-1,-0.004789390610008937,0.004789390610008937,-0.8823944106698031,0.00408585442000723,"(0.898, 0.988]"
2026-02-06,23407.15,-0.025238202322056,1.4177775640942332,bear,bear,0.848762094974517,0.05420686677098201,0.09703103452920901,0.848762094974517,25735.1,-0.052127250331259645,0,-1,0.00039261418853242525,-0.00039261418853242525,-0.751731060445308,-0.0003464405655106723,"(0.808, 0.898]"
2026-02-09,23676.1,0.00048807182050700004,1.417752642975823,bear,bear,0.965208888053894,0.018722163513302,0.016068926081061002,0.965208888053894,25915.4,-0.07625967571405434,0,-1,0.007005995702367596,-0.007005995702367596,-0.949139961972833,-0.005266624578816063,"(0.898, 0.988]"
2026-02-10,23734.0,0.010837090148661,1.3775472572698582,bear,bear,0.966099917888641,0.01762225665152,0.016277853399515003,0.966099917888641,25985.6,-0.0868596453420355,0,-1,0.0027088140642241854,-0.0027088140642241854,-0.949822064489126,-0.0025710436779092186,"(0.898, 0.988]"
